0.0
0.0
0.0
0.0
0.0
0.0
0.0
0.0
0.0
0.0
0.0
0.0
0.0
0.0
0.0
0.0
0.0
0.0
0.0
0.0
0.0
0.0
0.0
0.0
0.0
0.0
0.0
0.0
0.0
0.0
0.0
0.0
0.0
0.0
0.0
0.0
0.0
0.0
0.0
0.0
0.0
0.0
0.0
0.0
0.0
0.0
0.0
0.0
0.0
0.0
0.0
0.0
0.0
0.0
6.584414212258398
5.291675906577364
4.549335980141681
4.010967853566077
3.594865745355489
3.326681317905916
3.127165944045214
2.972096805341399
2.8202744626855445
2.6759987980392594
2.5255453133877457
2.3988319816688346
2.252915158011145
2.103873133103203
1.9907816409958532
1.8376349795942388
2.4912243583904194
1.8505622667447361
1.8300503638833767
1.3268218566453518
0.0
0.0
0.0
0.0
0.0
0.0
0.0
0.0
0.0
0.0
0.0
0.0
0.0
0.0
0.0
0.0
0.0
0.0
0.0
0.0
0.0
0.0
0.0
0.0
0.0
0.0
0.0
0.0
0.0
0.0
0.0
0.0
0.0
0.0
0.0
0.0
0.0
0.0
0.0
0.0
0.0
0.0
0.0
0.0
0.0
0.0
0.0
0.0
0.0
0.0
0.0
0.0
0.0
0.0
0.0
0.0
0.0
0.0
0.0
0.0
0.0
0.0
0.0
0.0
0.0
0.0
0.0
0.0
0.0
0.0
0.0
0.0
0.0
0.0
0.0
0.0
0.0
0.0
0.0
0.0
0.0
0.0
0.0
5.46426737476823
4.2954795730999775
3.7556299527554806
3.3246397002005343
3.0609065299471747
2.696265555847523
1.9528922123050405
1.8718367457864105
2.184887536039512
2.3715152938913984
2.3571727688056185
2.313966074491769
2.3356779767543583
2.2613632452154517
2.034762685588649
2.1303247691438716
2.2075736244923077
2.2162248570745584
1.0837094669648437
1.0584347703609245
0.9502437429640563
0.0
0.0
0.0
0.0
0.0
0.0
0.0
0.0
0.0
0.0
0.0
0.0
0.0
0.0
0.0
0.0
0.0
0.0
0.0
0.0
0.0
0.0
0.0
0.0
0.4399664461112407
0.4118043171020437
1.2239203654531565
1.288663506691479
1.0864040223168998
1.032662879181391
0.8575308822772232
0.0
0.0
0.0
0.0
0.0
0.0
0.0
0.0
0.0
0.0
0.0
0.0
0.0
0.0
0.0
0.0
0.0
0.0
0.0
0.0
0.0
0.0
0.0
0.0
0.0
0.0
0.0
0.0
0.0
0.0
0.0
0.0
0.0
0.0
0.0
0.0
0.0
0.0
0.0
0.0
0.0
0.0
0.0
0.0
0.0
0.0
0.0
0.0
0.0
0.0
3.0697536535950722
3.3872312395435675
2.715163891562945
2.655868291773666
2.5780253050631288
2.4863098541345385
2.4055464877935027
3.272931886147678
2.8484957894430054
2.475166878959045
2.3012735385028815
0.9344769298804296
0.8425207409638282
0.581021078463736
0.0
0.0
0.0
0.0
0.0
0.0
0.0
0.0
0.0
0.0
0.0
0.0
0.0
0.0
0.0
0.0
0.0
0.0
0.0
0.0
0.0
0.0
0.0
0.0
0.0
0.0
0.0
0.0
0.0
0.0
0.0
0.0
4.287533253528666
2.892961931342791
2.104055331796287
0.0
0.0
0.0
0.0
0.0
0.0
0.0
0.0
0.0
0.0
0.0
0.0
0.0
0.0
0.0
0.0
0.0
0.0
0.0
0.0
0.0
0.0
0.0
0.0
0.0
0.0
0.0
0.0
0.0
0.0
0.0
0.0
0.0
0.0
0.0
0.0
0.0
0.0
0.0
0.0
0.0
0.0
0.0
0.0
0.0
0.0
0.0
0.0
0.0
0.0
3.0995212801523366
2.8509859792122008
2.7888242241023944
2.728093595886614
2.645452055794999
2.567969794276618
3.3870641186598327
3.0948009602407
2.5028363384802255
2.405524958193111
2.311995516140301
2.2100787854793693
2.1087190404198246
1.9092837051632312
1.7730419525885028
1.6660051934470614
0.7158230436607477
0.7133655880411767
0.6770121135300265
0.0
0.0
0.0
0.0
0.0
0.0
0.0
0.0
0.0
0.0
0.0
0.0
0.0
0.0
0.0
0.0
0.0
0.0
0.0
0.0
2.2855758711852845
2.4635628307780535
0.5882671103074077
0.6280071797912703
1.2499290527480338
0.0
0.0
0.0
0.0
0.0
0.0
0.0
0.0
0.0
0.0
0.0
0.0
0.0
0.0
0.0
0.0
0.0
0.0
0.0
0.0
0.0
0.0
0.0
0.0
0.0
0.0
0.0
0.0
0.0
0.0
0.0
0.0
0.0
0.0
0.0
0.0
0.0
0.0
0.0
0.0
0.0
0.0
0.0
0.0
0.0
0.0
0.0
0.0
0.0
0.0
0.0
0.0
0.0
0.0
0.0
0.0
5.87680034093526
4.57235957107127
1.7548193401669996
2.052821026342288
2.25505471966551
2.262181130778845
2.2351279444369903
2.1319667870025225
2.013904846561297
1.8872886345060724
0.9277026888110521
0.8917854666299795
0.870246558692928
0.0
0.0
0.0
0.0
0.0
0.0
0.0
0.0
0.0
0.0
0.0
0.0
0.0
0.0
0.0
0.0
0.0
0.0
0.0
0.0
0.0
0.0
0.0
0.0
0.0
0.0
0.0
0.0
0.0
0.0
0.0
0.0
0.0
0.0
0.0
0.0
4.818537795049133
2.6052973114921363
1.8036368505966371
2.027898466273784
3.5608238187880557
3.2992758107732483
2.5353498086237596
2.4781200017499536
2.425439533130664
2.4062144562540744
2.3188574825767003
2.221554853386082
2.258534142723879
0.7493791952000831
0.7178348850206563
0.6929604408792361
0.9146213184250547
0.0
0.0
0.0
0.0
0.0
0.0
0.0
0.0
0.0
0.0
0.0
0.0
0.0
0.0
0.0
0.0
0.0
0.0
0.0
0.0
0.0
0.0
0.0
0.0
0.0
0.0
0.0
0.0
0.0
0.0
0.0
0.0
0.0
0.0
0.0
0.0
0.0
0.0
0.0
0.0
0.0
0.0
0.0
0.0
0.0
0.0
0.0
0.0
0.0
0.0
0.0
0.0
0.0
0.0
0.0
0.0
0.0
0.0
0.0
0.0
0.0
0.0
0.0
0.0
0.0
0.0
0.0
0.0
0.0
0.0
0.0
0.0
0.0
0.0
0.0
0.0
0.0
0.0
0.0
0.0
0.0
0.0
0.0
0.0
0.0
0.0
0.0
0.0
5.055136905349373
3.190424178117454
2.1762576219011494
1.2824581070961203
0.9683682467891517
0.7872658414427007
0.8890925178340301
1.5989267210458118
1.9332312133393375
1.7103916907788679
0.44223040460936247
0.6032541782447345
0.0
0.0
0.0
0.0
0.0
0.0
0.0
0.0
0.0
0.0
0.0
0.0
0.0
0.0
0.0
0.0
0.0
0.0
0.0
0.0
0.0
0.0
0.0
0.0
0.0
0.0
0.0
0.0
0.0
0.0
0.0
0.0
0.0
0.0
0.0
0.0
0.0
0.0
0.0
0.0
0.0
0.0
0.0
0.0
0.0
0.0
0.0
0.0
0.0
0.0
0.0
0.0
0.0
0.0
0.0
0.0
0.0
0.0
0.0
0.0
0.0
0.0
0.0
0.0
0.0
0.0
0.0
0.0
0.0
0.0
0.0
0.0
0.0
0.0
0.0
1.3613791226260603
2.962508005540947
2.9275581175573686
1.3239532355992454
1.5083820236839052
1.441024437644208
1.6674336878406255
1.7076319366113029
1.729110757638039
1.7366359047216828
1.721352056394955
1.3794024498562798
0.0
0.0
0.0
0.0
0.0
0.0
0.0
0.0
0.0
0.0
0.0
0.0
0.0
0.0
0.0
0.0
0.0
0.0
0.0
0.0
0.0
0.0
0.0
0.0
0.0
0.0
0.0
0.0
0.0
0.0
0.0
0.0
0.0
0.0
0.0
0.0
0.0
0.0
0.0
0.0
0.0
0.0
0.0
0.0
0.0
0.0
0.0
0.0
0.0
0.0
0.0
0.0
0.0
0.0
2.844569506609514
0.0
0.0
0.0
0.0
0.0
0.0
0.0
0.0
0.0
0.0
0.0
0.0
0.0
0.0
0.0
0.0
0.0
0.0
0.0
0.0
0.0
0.0
0.0
0.0
0.0
0.0
0.0
0.0
0.0
0.0
0.0
0.0
0.0
0.0
0.0
0.0
0.0
0.0
0.0
0.0
0.0
0.0
0.0
0.0
0.0
0.0
0.0
0.0
0.0
0.0
0.0
0.0
0.0
0.0
0.0
0.0
0.0
0.0
0.0
0.0
0.0
0.0
0.0
0.0
0.0
0.0
0.0
0.0
0.0
0.0
0.0
0.0
0.0
0.0
0.0
0.0
0.0
0.0
0.0
0.0
0.0
0.0
0.0
0.0
0.0
0.0
0.0
0.0
0.0
0.0
0.0
2.3538475887521924
3.3034408401999436
1.8078800323662751
1.7470684536873118
1.316315696632258
0.0
0.0
0.0
0.0
0.0
0.0
0.0
0.0
0.0
0.0
0.0
0.0
0.0
0.0
0.0
0.0
0.0
0.0
0.0
0.0
0.0
0.0
0.0
0.0
0.0
0.0
0.0
0.0
0.0
0.0
0.0
0.0
0.0
0.0
0.0
0.0
0.0
0.0
0.0
0.0
0.0
0.0
0.0
0.0
0.0
0.0
0.0
5.142782491515213
3.0557238249055776
3.148874564636428
2.055195299594578
1.4774241033370101
0.92949177703545
1.061865421463458
1.5589272325655719
1.811942650989089
2.0053359487234377
1.504447737366284
0.361599312791916
0.5348335369559084
0.6349600264061147
0.0
0.0
0.0
0.0
0.0
0.0
0.0
0.0
0.0
0.0
0.0
0.0
0.0
0.0
0.0
0.0
0.0
0.0
0.0
0.0
0.0
0.0
0.0
0.0
0.0
0.0
0.0
0.0
0.0
0.0
0.0
0.0
0.0
0.0
0.0
0.0
0.0
0.0
0.0
0.0
0.0
0.0
0.0
0.0
0.0
0.0
0.0
0.0
0.0
0.0
0.0
0.0
0.0
0.0
0.0
0.0
0.0
0.0
0.0
0.0
0.0
0.0
0.0
0.0
0.0
0.0
0.0
0.0
0.0
0.0
0.0
0.0
0.0
0.0
0.0
0.0
0.0
0.0
0.0
0.0
0.0
0.0
0.0
0.0
0.0
0.0
3.2052801146735974
2.946925832467
2.514694759304694
2.246167416146438
1.949035874521846
1.8601402607531545
1.6372065708721357
1.2805810164563354
0.0
0.0
0.0
0.0
0.0
0.0
0.0
0.0
0.0
0.0
0.0
0.0
0.0
0.0
0.0
0.0
0.0
0.0
0.0
0.0
0.0
0.0
0.0
0.0
0.0
0.0
0.0
0.0
0.0
0.0
0.0
0.0
0.0
0.0
0.0
0.0
0.0
0.0
0.0
0.0
0.0
0.0
0.0
0.0
0.0
0.0
0.0
0.0
0.0
0.0
0.0
0.0
0.0
0.0
0.0
0.0
0.0
0.0
0.0
0.0
0.0
0.0
0.0
0.0
0.0
0.0
0.0
0.0
0.0
0.0
0.0
0.0
0.0
0.0
0.0
0.0
0.0
0.0
0.0
0.0
0.0
0.0
0.0
0.0
0.0
0.0
0.0
0.0
0.0
0.0
0.0
2.8085913789706716
2.3787374332071183
1.0689520565344026
0.9856377467107847
1.0776355594647462
1.0878912962819745
1.4398391556095291
1.4234759448560663
0.0
0.0
0.0
0.0
0.0
0.0
0.0
0.0
0.0
0.0
0.0
0.0
0.0
0.0
0.0
0.0
0.0
0.0
0.0
0.0
0.0
0.0
0.0
0.0
0.0
0.0
0.0
0.0
0.0
0.0
0.0
0.0
0.0
0.0
0.0
0.0
0.0
0.0
0.0
0.0
0.0
0.0
0.0
0.0
0.0
0.0
0.0
0.0
0.0
0.0
0.0
0.0
0.0
0.0
0.0
0.0
0.0
0.0
0.0
0.0
0.0
0.0
0.0
0.0
0.0
0.0
0.0
0.0
0.0
0.0
0.0
0.0
0.0
0.0
0.0
0.0
0.0
0.0
0.0
0.0
0.0
0.0
0.0
0.0
0.0
0.0
0.0
0.0
0.0
0.0
0.0
0.0
0.0
0.0
0.0
0.0
0.0
0.0
0.0
0.0
0.0
0.0
0.0
0.0
0.0
0.0
0.0
0.0
0.0
0.0
0.0
0.0
0.0
0.0
0.0
0.0
0.0
0.0
0.0
0.0
0.0
0.0
0.0
0.0
0.0
0.0
0.0
0.0
0.0
0.0
0.0
0.0
0.0
0.0
0.0
0.0
0.0
0.0
0.0
0.0
0.0
0.0
0.0
0.0
0.0
0.0
0.0
0.0
0.0
0.0
0.0
0.0
0.0
0.0
0.0
0.0
0.0
0.0
0.0
0.0
0.0
0.0
0.0
0.0
0.0
0.0
0.0
0.0
0.0
0.0
0.0
0.0
0.0
0.0
0.0
0.0
0.0
0.0
0.0
0.0
0.0
0.0
0.0
0.0
0.0
0.0
0.0
0.0
0.0
0.0
6.127716819722055
5.012530697811937
3.7697039411663313
2.4931104844890846
1.9512224671313572
1.8318815736136391
1.7458852743055115
1.3007757950613574
1.7549242343548315
1.54664413287031
0.0
0.0
0.0
0.0
0.0
0.0
0.0
0.0
0.0
0.0
0.0
0.0
0.0
0.0
0.0
0.0
0.0
0.0
0.0
0.0
0.0
0.0
0.0
0.0
0.0
0.0
0.0
0.0
0.0
0.0
0.0
0.0
0.0
0.0
0.0
0.0
0.0
0.0
0.0
0.0
0.0
0.0
0.0
0.0
0.0
0.0
0.0
0.0
0.0
0.0
0.0
0.0
0.0
0.0
0.0
0.0
0.0
0.0
0.0
0.0
0.0
0.0
0.0
0.0
0.0
0.0
0.0
0.0
0.0
0.0
0.0
0.0
0.0
0.0
0.0
0.0
0.0
0.0
0.0
0.0
0.0
0.0
0.0
0.0
0.0
0.0
0.0
0.0
0.0
0.0
0.0
0.0
0.0
0.0
0.0
1.0565354451225248
2.52961628395399
2.986256067873553
2.3223976294320003
1.7486186324882644
0.9807057157635821
0.8416660292302823
1.1415039167307321
0.0
0.0
0.0
0.0
0.0
0.0
0.0
0.0
0.0
0.0
0.0
0.0
0.0
0.0
0.0
0.0
0.0
0.0
0.0
0.0
0.0
0.0
0.0
0.0
0.0
0.0
0.0
0.0
0.0
0.0
0.0
0.0
0.0
0.0
0.0
0.0
0.0
0.0
0.0
1.9169227155443727
1.0258839854539932
0.7314347921361776
0.0
0.6500955919004698
0.5741823639086152
0.0
0.0
0.0
0.0
0.0
0.0
0.0
0.0
0.0
0.0
0.0
0.0
0.0
0.0
0.0
0.0
0.0
0.0
0.0
0.0
0.0
0.0
0.0
0.0
0.0
0.0
0.0
0.0
0.0
0.0
0.0
0.0
0.0
0.0
0.0
0.0
0.0
0.0
0.0
0.0
0.0
0.0
0.0
0.0
0.0
0.0
0.0
0.0
0.0
0.0
4.034099757325567
2.2327165198349057
1.241075679460658
0.8878601061895833
0.7032707926120568
0.05673141983565866
0.03904565795398105
0.0
0.0
0.0
0.0
0.0
0.0
0.0
0.0
0.0
0.0
0.0
0.0
0.0
0.0
0.0
0.0
0.0
0.0
0.0
0.0
0.0
0.0
0.0
0.0
0.0
0.0
0.0
0.0
0.0
0.0
0.0
0.0
0.0
0.0
0.0
0.0
0.0
0.0
0.0
0.0
0.0
0.0
0.0
0.0
0.0
0.0
0.0
0.0
0.0
0.0
0.0
0.0
0.0
0.0
0.0
0.0
0.0
0.0
0.0
0.0
0.0
0.0
0.0
0.0
0.0
0.0
0.0
0.0
0.0
0.0
0.0
0.0
0.0
0.0
0.0
0.0
0.0
0.0
0.0
0.0
0.0
0.0
0.0
0.0
0.0
0.0
0.0
0.0
0.0
0.0
0.0
0.0
0.0
0.0
0.0
0.0
0.0
0.0
0.0
0.0
0.0
0.0
0.0
0.0
0.0
0.0
0.0
0.0
0.0
0.0
0.0
0.0
0.0
0.0
0.0
0.0
0.0
0.0
0.0
0.0
0.0
0.0
0.0
0.0
0.0
0.0
0.0
0.0
0.0
0.0
0.0
0.0
0.0
0.0
0.0
0.0
0.0
0.0
0.0
0.0
0.0
0.0
0.0
0.0
0.0
0.0
0.0
0.0
0.0
0.0
0.0
0.0
0.0
0.0
0.0
0.0
0.0
0.0
0.0
0.0
0.0
0.0
0.0
0.0
0.0
0.0
0.0
0.0
0.0
0.0
0.0
0.0
0.0
0.0
0.0
0.0
0.0
0.0
0.0
0.0
0.0
0.0
0.0
0.0
0.0
0.0
0.0
0.0
0.0
0.0
8.52355340537381
2.4116667347748133
7.878329256884207
7.972932798767306
8.636845250023397
8.927810333712095
9.212159548764854
9.482434428360616
0.7288058699803078
0.6286083866536842
0.5313039980514014
0.40796933091784876
0.3071578054823235
0.0
0.0
0.0
0.0
0.0
0.0
0.0
0.0
0.0
0.0
0.0
0.0
0.0
0.0
0.0
0.0
0.0
0.0
0.0
0.0
0.0
0.0
0.0
0.0
0.0
0.0
0.0
0.0
0.0
0.0
0.0
0.0
0.0
0.0
0.0
0.0
0.0
0.0
0.0
0.0
0.0
0.0
0.0
0.0
0.0
0.0
0.0
0.0
0.0
0.0
0.0
0.0
0.0
0.0
0.0
0.0
0.0
0.0
0.0
0.0
0.0
0.0
0.0
0.0
0.0
0.0
0.0
0.0
0.0
0.0
0.0
0.0
0.0
4.6912729610934925
3.5135777990815398
2.9510276829654782
2.864252389477234
3.3175219277925487
3.314164829461017
3.311158311304637
3.287508746020501
2.706102539250333
2.569939853355966
3.6198255223886564
2.5595193594187107
2.066306320660564
1.8375772897325673
1.6779869137151384
1.684681101883671
1.6816184268298757
1.668526038817399
1.5931578381421947
1.5039031592946934
0.1778127660514442
0.0
0.0
0.0
0.0
0.0
0.0
0.0
0.0
0.0
0.0
0.0
0.0
0.0
0.0
0.0
0.0
0.0
0.0
0.0
0.0
0.0
0.0
0.0
0.0
0.0
0.0
0.0
0.0
0.0
0.0
0.0
0.0
0.0
0.0
0.0
0.0
0.0
0.0
3.0207382558372795
0.0
0.0
0.0
0.0
0.040917558339531354
1.4653494353933494
1.6387011951940726
1.7167147883574962
1.740791810782494
0.0
0.0
0.0
0.0
0.0
0.0
0.0
0.0
0.0
0.0
0.0
0.0
0.0
0.0
0.0
0.0
0.0
0.0
0.0
0.0
0.0
0.0
0.0
0.0
0.0
0.0
0.0
0.0
0.0
0.0
0.0
0.0
0.0
0.0
0.0
0.0
0.0
0.0
0.0
0.0
0.0
0.0
1.5702779990102576
2.8885552245752084
1.924803068483444
1.2183576800266376
0.8502013585766156
0.0
0.0
0.0
0.0
0.0
0.0
0.0
0.0
0.0
0.0
0.0
0.0
0.0
0.0
0.0
0.0
0.0
0.0
0.0
0.0
0.0
0.0
0.0
0.0
0.0
0.0
0.0
0.0
0.0
0.0
0.0
0.0
0.0
0.0
0.0
0.0
0.0
0.0
0.0
0.0
0.0
0.0
0.0
0.0
0.0
5.1777605286608415
3.3258653799377087
2.178607933326592
1.751045050349825
1.2840902525277416
1.0280804163876982
0.7859516643748303
0.0
0.0
0.0
0.0
0.0
0.0
0.0
0.0
0.0
0.0
0.0
0.0
0.0
0.0
0.0
0.0
0.0
0.0
0.0
0.0
0.0
0.0
0.0
0.0
0.0
0.0
0.0
0.0
0.0
0.0
0.0
0.0
0.0
0.0
0.44075499026569515
1.6652480849621616
1.5900372037921724
1.5555256182476462
1.6312385872029316
1.672034374933032
1.464321715677413
0.21366556337217416
0.0
0.0
0.0
0.0
0.0
0.0
0.0
0.0
0.0
0.0
0.0
0.0
0.0
0.0
0.0
0.0
0.0
0.0
0.0
0.0
0.0
0.0
0.0
0.0
0.0
0.0
0.0
0.0
0.0
0.0
0.0
0.0
0.0
0.0
0.0
0.0
0.0
0.0
0.0
0.0
0.0
0.0
0.0
0.0
5.177815348154598
3.6358753674529702
1.8578208282313862
1.32960191866947
3.0318014320572093
2.316894681005917
1.8437268607613664
1.7829490278141917
2.0014998992300193
1.6370035514014005
1.1099987604930635
1.68159317254985
1.9411395849585518
1.984157791693704
1.7337849019599318
1.6279868671217936
1.572572382641056
0.0
0.0
0.0
0.0
0.0
0.0
0.0
0.0
0.0
0.0
0.0
0.0
0.0
0.0
0.0
0.0
0.0
0.0
0.0
0.0
0.0
0.0
0.0
0.0
0.0
0.0
0.0
0.0
0.0
0.0
0.0
0.0
0.0
0.0
0.0
0.0
0.0
0.0
7.351942582299834
4.386142016950879
3.179679021061255
1.5851903109030947
0.0
0.0
0.0
0.0
0.0
0.0
0.0
0.20822653075004852
0.9223493752719737
0.0
0.0
0.0
0.0
0.0
0.0
0.0
0.0
0.0
0.0
0.0
0.0
0.0
0.0
0.0
0.0
0.0
0.0
0.0
0.0
0.0
0.0
0.0
0.0
0.0
0.0
0.0
0.0
0.0
0.0
0.0
0.0
0.0
0.0
0.0
0.0
0.0
4.7598944931457625
3.837005124027513
3.199209409105577
2.771671187070503
2.48225846925008
2.3048111617227263
1.116412905077071
1.0396284092064803
1.0772134609377928
1.1277344404834715
0.0
0.0
0.0
0.0
0.0
0.0
0.0
0.0
0.0
0.0
0.0
0.0
0.0
0.0
0.0
0.0
0.0
0.0
0.0
0.0
0.0
0.0
0.0
0.0
0.0
0.0
0.0
0.0
0.0
0.0
0.0
0.0
0.0
0.0
0.0
0.0
3.7114434684121003
2.8927756671665183
2.2554184330028386
1.996333431551746
1.8077073327210509
1.3895735697860747
1.5641941627200726
4.858793892550914
4.249487151082223
3.684121241714081
3.3102014195217953
2.9685925042715664
2.820433490199159
2.1923234848637447
2.0721729660246893
0.2641152967348357
0.32947017694133435
0.0
0.0
0.0
0.0
0.0
0.0
0.0
0.0
0.0
0.0
0.0
0.0
0.0
0.0
0.0
0.0
0.0
0.0
0.0
0.0
0.0
0.0
0.0
0.0
0.0
3.708562389942794
3.0650553043122346
0.49362227792489327
0.7073478180145173
0.5286656492881876
0.3387018963957625
0.06263693504736086
0.748966187157994
0.0
0.0
0.0
0.0
0.0
0.0
0.0
0.0
0.0
0.0
0.0
0.0
0.0
1.4212607652540674
1.2853654084943567
1.431619326319781
0.0
0.0
0.0
0.0
0.0
0.0
0.0
0.0
0.0
0.0
0.0
0.0
0.0
0.0
0.0
0.0
0.0
0.0
0.0
0.0
0.0
0.0
0.0
0.0
0.0
0.0
0.0
0.0
0.0
0.0
0.0
0.0
0.0
3.3792365483171016
2.789672341222035
3.244479698731665
2.591365192653359
2.250502045080357
2.4029267614514778
2.3461312721097185
2.294677172750244
2.265311051792441
2.205975518597682
2.194713406779523
2.1055196651032064
0.5820363189225817
0.9138827949049794
1.0067542150735393
0.613849840140416
0.0
0.0
0.0
0.0
0.0
0.0
0.0
0.0
0.0
0.0
0.0
0.0
0.0
0.0
0.0
0.0
0.0
0.0
0.0
0.0
0.0
0.0
0.0
0.0
0.0
0.0
0.0
0.0
0.0
0.0
0.0
0.0
0.0
0.0
0.0
0.0
0.0
0.0
0.0
0.0
0.0
0.0
0.0
8.295118460448187
3.7171145969317982
2.4084348549821533
1.6335610212796179
1.2779808300598883
1.0013212245450678
1.3026417154141001
1.6368055065132796
1.7907956548973971
1.8394095170183016
1.8244268734643716
1.7696739234351506
1.6893786208235604
1.6028608207046022
1.5588710322941703
1.4668517542850723
2.9192622260648604
1.4859021415840918
0.0
0.0
0.0
0.0
0.0
0.0
0.0
0.0
0.0
0.0
0.0
0.0
0.0
0.0
0.0
0.0
0.0
0.0
0.0
0.0
0.0
0.0
0.0
0.0
0.0
0.0
0.0
4.445168538411671
3.7322052832486423
3.229577316826392
2.7244805075960308
2.0960609680334157
1.9008147206002914
3.4862121471867233
2.7690736190273295
1.8042977950706758
2.124179306917793
2.1188347241697056
1.7605262130605714
1.6832092076696052
1.861050763783212
1.790021520468955
1.321728849740102
1.649728900311301
0.049956933608325566
0.06663272699880078
0.0
0.0
0.0
0.0
0.0
0.0
0.0
0.0
0.0
0.0
0.0
0.0
0.0
0.0
0.0
0.0
0.0
0.0
0.0
0.0
0.0
0.0
0.0
0.0
5.939961131956438
3.866138173234571
1.5341441066960404
1.4776073099520886
1.771448184931404
1.8360717569805938
2.5943514156323113
2.088961753791853
1.8107066713984534
1.2436022906247886
0.0
0.0
0.0
0.0
0.0
0.0
0.0
0.0
0.0
0.0
0.0
0.0
0.0
0.0
0.0
0.0
0.0
0.0
0.0
0.0
0.0
0.0
0.0
0.0
0.0
0.0
0.0
0.0
0.0
0.0
0.0
0.0
0.0
0.0
0.0
0.0
0.0
0.0
0.0
0.0
0.0
0.0
0.0
0.0
0.0
0.0
0.0
0.0
0.0
0.0
0.0
0.0
0.0
4.360563962430288
2.700920708393033
1.9464211131651106
2.5983276063570866
2.269777704887189
1.2095154976991613
1.2922005409140922
2.689128016945023
2.2199010524916423
1.2647247784419802
0.7491995767180608
0.6632222287535062
0.7781724560059726
1.6533315776233053
1.2454027351433865
1.034071838703846
0.5186855218573118
0.0
0.0
0.0
0.0
0.0
0.0
0.0
0.0
0.0
0.0
0.0
0.0
0.0
0.0
0.0
0.0
0.0
0.0
0.0
0.0
0.0
0.0
0.0
0.0
0.0
0.0
0.0
0.0
0.0
0.0
0.0
0.0
0.0
0.0
0.0
2.244320564271273
0.7863677842784735
0.6807867282484208
0.0
0.0
0.0
0.0
0.0
0.0
0.0
0.0
0.0
0.0
0.0
0.0
0.0
0.0
0.0
0.0
0.0
0.0
0.0
0.0
0.0
0.0
0.0
0.0
0.0
0.0
0.0
0.0
0.0
0.0
0.0
0.0
0.0
0.0
0.0
0.0
0.0
0.0
0.0
0.0
0.0
3.4383654351060664
3.132624081742745
2.370075700660515
1.0773581775721088
1.2456058727624313
1.06755662637792
1.0518477861547781
1.5248989767595988
0.0
0.0
0.0
0.0
0.0
0.0
0.0
0.0
0.0
0.0
0.0
0.0
0.0
0.0
0.0
0.0
0.0
0.0
0.0
0.0
0.0
0.0
0.0
0.0
0.0
0.0
0.0
0.0
0.0
0.0
0.0
0.0
0.0
0.0
0.0
0.0
0.0
0.0
0.0
0.0
0.0
0.0
0.0
0.0
0.0
0.0
4.487052621438883
3.0534453621646387
2.24858288890644
4.446491758152134
3.596426420256597
3.0432753754944404
2.522030857499022
2.4036977196894544
2.28975598793848
2.175097895606365
2.058624168615917
0.5107737949733056
0.5200545677000074
0.5950038527653159
0.0
0.0
0.0
0.0
0.0
0.0
0.0
0.0
0.0
0.0
0.0
0.0
0.0
0.0
0.0
0.0
0.0
0.0
0.0
0.0
0.0
0.0
0.0
0.0
0.0
0.0
0.0
0.0
0.0
0.0
0.0
0.0
0.0
0.0
0.0
0.0
0.0
2.2927072088554485
3.634428778234211
3.4057366955902126
2.9450903002423634
1.9610048681343237
2.480206914898407
2.362821985395997
2.251069267005689
0.5097316293786509
0.5819368772028886
0.5166207137544043
0.7276109954665138
0.0
0.0
0.0
0.0
0.0
0.0
0.0
0.0
0.0
0.0
0.0
0.0
0.0
0.0
0.0
0.0
0.0
0.0
0.0
0.0
0.0
0.0
0.0
0.0
0.0
0.0
0.0
0.0
0.0
0.0
5.078526103616894
4.461738178111775
3.110149599107142
2.9195842608847586
2.7704278150899535
2.6418502078342487
2.6739685490897522
1.747204935626048
1.6018668240892517
1.7727443310803428
1.8182833338751447
1.3247325902241702
1.5957756382958395
1.543879155711167
1.4276068841524538
1.2944509284477863
0.0
0.0
0.0
0.0
0.0
0.0
0.0
0.0
0.0
0.0
0.0
0.0
0.0
0.0
0.0
0.0
0.0
0.0
0.0
0.0
0.0
0.0
0.0
0.0
0.0
0.0
0.0
0.0
0.0
0.0
0.0
0.0
0.0
0.0
0.0
0.0
0.0
0.0
0.0
0.0
0.0
0.0
0.0
0.0
0.0
0.0
0.0
0.0
0.0
0.0
0.0
0.0
0.0
0.0
0.0
0.0
0.0
0.0
0.0
0.0
0.0
0.0
0.0
0.0
0.0
0.0
0.0
0.0
0.0
0.0
0.0
0.0
0.0
0.0
0.0
0.0
0.0
0.0
0.0
0.0
0.0
0.0
0.0
0.0
0.0
0.0
0.0
0.0
0.0
0.0
0.0
0.0
0.0
0.0
0.0
0.0
0.0
0.0
0.0
0.0
0.0
0.0
0.0
0.0
0.0
0.0
0.0
0.0
0.0
0.0
0.0
0.0
0.0
0.0
0.0
0.0
0.0
0.0
0.0
0.0
0.0
0.0
0.0
0.0
0.0
0.0
0.0
0.0
0.0
0.0
0.0
0.0
0.0
0.0
0.0
0.0
0.0
0.0
0.0
0.0
0.0
0.0
0.0
0.0
0.0
0.0
0.0
0.0
0.0
0.0
0.0
0.0
0.0
0.0
0.0
0.0
0.0
0.0
0.0
0.0
0.0
0.0
0.0
0.0
0.0
0.0
0.0
0.0
0.0
0.0
0.0
0.0
0.0
0.0
0.0
0.0
0.0
0.0
0.0
0.0
0.0
0.0
0.0
0.0
0.0
0.0
4.635938015974193
3.4826842597331344
2.6131024275713584
2.46590015176351
2.323033609797145
2.2369008401356507
1.991650856125318
1.9359612874582925
2.1172828708366205
1.1428031134446812
0.6305179707278807
0.6516905994912242
0.6548961712146993
0.6082617137978628
0.0
0.0
0.0
0.0
0.0
0.0
0.0
0.0
0.0
0.0
0.0
0.0
0.0
0.0
0.0
0.0
0.0
0.0
0.0
0.0
0.0
0.0
0.0
0.0
0.0
0.0
0.0
0.0
0.0
0.0
0.0
0.0
0.0
0.0
0.0
0.0
0.0
0.0
0.0
0.0
0.0
0.0
0.0
0.0
3.8465872102903385
2.900849040461228
2.330965588698411
2.0783879101980833
0.5183854234723985
1.4801078580365084
1.5367551448300691
0.8322375367455259
0.11880287157607823
0.0
0.0
0.0
0.0
0.0
0.0
0.0
0.0
0.0
0.0
0.0
0.0
0.0
0.0
0.0
0.0
0.0
0.0
0.0
0.0
0.0
0.0
0.0
0.0
0.0
0.0
0.0
2.7324811941176406
0.0
0.0
0.0
0.0
0.0
0.0
0.0
0.0
0.0
0.0
0.0
0.0
0.0
0.0
0.0
0.0
0.0
0.0
0.0
0.0
0.0
0.0
0.0
0.0
0.0
0.0
0.0
0.0
0.0
0.0
0.0
0.0
0.0
0.0
0.0
0.0
0.0
0.0
0.0
0.0
0.0
0.0
0.0
0.0
0.0
0.0
0.0
0.0
0.0
0.0
0.0
0.0
0.0
0.0
0.0
0.0
0.0
6.047764987750468
4.057212109435836
2.8933290225597577
2.732256969738795
2.6324023812626867
2.5067889748212164
2.3982787733529136
2.2902652501867333
2.201052208187699
2.093358737288729
1.9742130369026127
1.8636400590685422
1.7483064754344677
4.200184325914721
2.1453634577644594
1.5745609353620316
1.229034349736639
0.0
0.0
0.0
0.0
0.0
0.0
0.0
0.0
0.0
0.0
0.0
0.0
0.0
0.0
0.0
0.0
0.0
0.0
0.0
0.0
0.0
0.0
0.0
0.0
2.584334645763217
2.27725147821924
1.7604769314395854
1.4944975569710546
1.3287442985917073
1.3317012377967181
1.3170116150240385
1.308290728177796
1.2757413820481758
1.2162798934285608
0.0
0.0
0.0
0.0
0.0
0.0
0.0
0.0
0.0
0.0
0.0
0.0
0.0
0.0
0.0
0.0
0.0
0.0
0.0
0.0
0.0
0.0
0.0
0.0
0.0
0.0
0.0
0.0
0.0
0.0
0.0
0.0
0.0
0.0
0.0
0.0
0.0
0.0
0.0
0.0
0.0
0.0
0.0
0.0
5.018223639143763
3.6010897648564733
3.1931842563767736
2.496818612655772
2.112306197211063
1.9420492866575123
2.0205623195374445
2.043941285583768
2.1815304308412986
2.0941959576673237
2.0152042248754936
1.6757020410242258
1.7338269876938512
1.7421242331742985
0.20501267854262417
0.24070791082011675
0.23006279699372792
0.27708684144676277
0.0
0.0
0.0
0.0
0.0
0.0
0.0
0.0
0.0
0.0
0.0
0.0
0.0
0.0
0.0
0.0
0.0
0.0
0.0
0.0
0.0
0.0
0.0
0.0
0.0
0.0
0.0
0.0
0.0
0.0
0.0
0.0
0.0
0.0
3.975532677722583
6.217114715236969
10.942277814229968
12.602191318967213
13.52432236758872
13.977488592694494
14.324812125913247
14.527391213113816
14.688335286369758
14.83854654852455
14.896221874618995
14.923067851015482
14.919216991731028
14.88953114794044
14.838317546279336
14.768540471342734
12.555382778177792
11.931457208397225
11.254853121833179
10.775135217810494
10.482192208383875
10.463912751684633
12.89233581766554
8.770745292698123
8.14504687130111
7.707245097435026
7.724842125789294
9.725866254144098
7.698082181472021
9.770431459457516
10.55527825898483
11.586683821056184
12.210558468090316
12.470952469905114
8.74661625821801
8.724916359594829
8.169563004134936
6.130605798233503
5.528387741165398
5.269720397399819
4.840830768195266
4.487011433922512
4.46756768586242
4.670490807405516
3.8451144675092674
3.322063080001032
2.9629155848749775
2.681167521387145
1.9206118331125388
1.4995077112742137
1.2377439212907653
1.1767746469566869
1.2616541328871438
1.185055736527371
1.099065217584057
0.3058265822920928
0.8172275414142606
0.512686744261441
0.0
0.0
0.0
0.0
0.0
0.0
0.0
0.0
0.0
0.0
0.0
0.0
0.0
0.0
0.0
0.0
0.0
0.0
0.0
0.0
0.0
0.0
0.0
0.0
0.0
0.0
0.0
0.0
0.0
0.0
0.0
0.0
0.0
0.0
0.0
0.0
0.0
0.0
0.0
0.0
0.0
0.0
0.0
0.0
2.9626126012265606
2.364387623491531
2.2874543498512434
1.9909130215825124
1.9610885581392403
1.9386163799775586
1.8626449430497103
1.7809523244781802
1.6938786364712242
1.6635412448172386
3.503389213245381
1.981160424563268
0.8148905726769742
0.0
0.0
0.0
0.0
0.0
0.0
0.0
0.0
0.0
0.0
0.0
0.0
0.0
0.0
0.0
0.0
0.0
0.0
0.0
0.0
0.0
0.0
0.0
0.0
0.0
0.0
0.0
0.0
0.0
0.0
0.0
0.0
0.0
0.0
0.0
0.0
0.0
0.0
0.0
0.0
3.8022308205145476
3.115192738167833
2.19014327018296
2.574996561103509
2.325244154949505
2.170400123655566
2.04592978133617
1.909198446905547
1.680775321922849
0.19364137217460367
0.0
0.0
0.0
0.0
0.0
0.0
0.0
0.0
0.0
0.0
0.0
0.0
0.0
0.0
0.0
0.0
0.0
0.0
0.0
0.0
0.0
0.0
0.0
0.0
0.0
0.0
0.0
0.0
0.0
0.0
0.0
0.0
0.0
0.0
0.0
0.0
0.0
0.0
0.0
0.0
0.0
4.52495181336824
6.381159995230287
13.104981594450145
13.518070479170891
12.603478015502317
12.164254573373892
12.399092041810459
12.74551981794388
11.898313665018435
9.924644079016161
9.037340150879121
7.127526595237291
6.414839099189695
8.478429564813753
9.977560186489942
9.682761594754142
9.42658681962379
9.804182241872825
8.7232998527139
8.12946900310917
7.530713836314734
6.953452566020697
5.126845536059338
6.372190232848562
4.69030026635383
3.406824964721296
2.5762718688101836
1.059502929894583
1.0969269071566015
0.7119449101893939
0.6338498018163441
0.8503306246047407
0.9574326947604078
1.3776068495474434
1.4536272562102774
0.35895826422185795
0.0
0.0
0.0
0.0
0.0
0.0
0.0
0.0
0.0
0.0
1.1208974423687146
0.501497670371663
0.0
0.0
0.0
0.0
0.0
0.0
0.0
0.0
0.0
0.0
0.0
0.0
0.0
0.0
0.0
0.0
0.0
0.0
0.0
0.0
0.0
0.0
0.0
0.0
0.0
0.0
0.0
0.0
0.0
0.0
0.0
0.0
0.0
0.0
0.0
0.0
0.0
0.0
0.0
0.0
0.0
0.0
0.0
0.0
0.0
0.0
0.0
0.0
0.0
0.0
1.1188686871483609
2.4469728316826833
2.4231237722507286
1.7131050402895904
2.221194367561237
2.1361155012802775
2.036751608840562
1.924928243207754
1.8167803410066254
2.3980414699435952
2.366316196362433
1.222429509407458
0.915946122190903
0.967992077551308
0.0
0.0
0.0
0.0
0.0
0.0
0.0
0.0
0.0
0.0
0.0
0.0
0.0
0.0
0.0
0.0
0.0
0.0
0.0
0.0
0.0
0.0
0.0
0.0
0.0
0.0
0.0
0.0
0.0
3.283037519910996
0.0
0.0
0.0
0.0
0.0
0.0
0.0
0.0
0.0
0.0
0.0
0.0
0.0
0.0
0.0
0.0
0.0
0.0
0.0
0.0
0.0
0.0
0.0
0.0
0.0
0.0
0.0
0.0
0.0
0.0
0.0
0.0
0.0
0.0
0.0
0.0
0.0
0.0
0.0
0.0
0.0
0.0
0.0
0.0
0.0
0.0
0.0
0.0
0.0
0.0
0.0
0.0
0.0
0.0
0.0
0.0
0.0
0.0
2.1418460767223344
3.252937049477068
2.916727260207333
2.699943723215933
2.5548021613347203
2.4065698460501204
2.3670525682565535
2.2780313615422556
2.1874789634662637
2.0953749208897556
1.994444437403366
1.8934083508256838
1.7959124933086785
1.816715694012406
0.0
0.0
0.0
0.0
0.0
0.0
0.0
0.0
0.0
0.0
0.0
2.627513556563071
2.0543226271060426
0.6370261400650845
0.0
0.0
0.0
0.0
0.0
0.0
0.0
0.0
0.0
0.0
0.24342965772156558
0.0044351475420634735
1.2778548044298694
0.3329154399084285
0.0
0.0
0.0
0.0
0.0
0.0
0.0
0.0
0.0
0.0
0.0
0.0
4.822980066624938
2.0616296340042655
1.5247466472543583
0.3892357606060039
1.693702310980193
1.5525757064474304
0.0
0.0
0.0
0.0
0.0
0.0
0.0
0.0
0.0
0.0
0.0
0.0
0.0
0.0
0.0
0.0
0.0
0.0
0.0
0.0
0.0
0.0
0.0
0.0
0.0
0.0
0.0
0.0
0.0
2.0730358379514833
2.512490635124028
1.8912166400989556
0.9920633034444747
0.0
0.0
0.0
0.0
0.0
0.0
0.0
0.0
0.0
0.0
0.0
0.0
0.0
0.0
0.0
0.0
0.0
0.0
0.0
0.0
0.0
0.0
0.0
0.0
0.0
0.0
0.0
0.0
0.0
0.0
0.0
0.0
0.0
0.0
0.0
0.0
0.0
0.0
0.0
0.0
0.0
0.0
0.0
0.0
0.0
0.0
0.0
0.0
0.0
0.0
0.0
0.0
0.0
5.2716102189739145
3.5802068901676565
3.1030331287240096
2.3030880378415945
1.8023485987236758
1.5642179592716663
1.8140240051403016
1.893010975226519
1.8988315962243745
1.391189760486404
1.5177060091653456
1.67606611236121
1.6370044697031967
1.5789626202939187
1.5249569069169664
1.4349487402820607
1.3899730203022882
0.7520056119979082
0.0
0.0
0.0
0.0
0.0
0.0
0.0
0.0
0.0
0.0
0.0
0.0
0.0
0.0
0.0
0.0
0.8527286234653231
0.41140722564764154
0.0
0.13698254422256476
0.0
0.0
0.0
0.0
0.0
0.0
0.0
0.0
0.0
0.0
0.0
0.0
0.0
0.0
0.0
0.0
2.7242310170495605
1.4523454309485873
0.8101954488061082
1.2530228882810646
1.2132436649441398
0.0
0.0
0.0
0.0
0.0
0.0
0.0
0.0
0.0
0.0
0.0
0.0
0.0
0.0
0.0
0.0
0.0
0.0
0.0
0.0
0.0
0.0
0.0
0.0
0.0
0.0
0.0
0.0
0.0
0.0
0.0
0.0
0.0
0.0
0.0
0.0
0.0
0.0
0.0
0.0
0.0
0.0
5.02917952370414
2.764572075809924
1.7644103677150014
1.2413730202128523
0.9252789296437065
1.0053535092507222
1.3280810397032818
1.4707277737258404
1.5057903629727287
1.5097213732949821
1.4446983004926466
1.392675172145335
0.1454276055301784
0.0
0.0
0.0
0.0
0.0
0.0
0.0
0.0
0.0
0.0
0.0
0.0
0.0
0.0
0.0
0.0
0.0
0.0
0.0
0.0
0.0
0.0
0.0
0.0
0.0
0.0
0.0
0.0
3.8726522189487094
2.9033379198032447
1.1326712204012437
0.48752666187635757
0.501265212553456
0.856264599122381
3.001582450632334
2.0927752878417714
2.04892026354252
1.9861181920840671
1.1544878958619016
1.2395161137251172
0.0
0.0
0.0
0.0
0.0
0.0
0.0
0.0
0.0
0.0
0.0
0.0
0.0
0.0
0.0
0.0
0.0
0.0
0.0
0.0
0.0
0.0
0.0
0.0
0.0
0.0
0.0
0.0
0.0
0.0
0.0
0.0
0.0
0.0
0.0
0.0
0.0
0.0
0.0
0.0
0.0
0.0
0.0
0.0
0.0
0.0
0.0
0.0
7.328189008400868
4.817427645965339
3.4042901555191762
2.1159935357477955
1.4933616251639454
0.0
0.0
0.0
0.0
0.0
0.0
0.0
0.0
0.0
0.0
0.0
0.0
0.0
0.0
0.0
0.0
0.0
0.0
0.0
0.0
0.0
0.0
0.0
0.0
0.0
0.0
0.0
0.0
0.0
0.0
0.0
0.0
0.0
0.0
0.0
0.0
0.0
0.0
0.0
0.0
0.0
0.0
0.0
0.0
2.7901337145187544
1.9372767783492053
1.4270713663315688
1.1966019608493113
1.0360252527894038
0.8766208391898891
0.0
0.0
0.0
0.0
0.0
0.0
0.0
0.0
0.0
0.0
0.0
0.0
0.0
0.0
0.0
0.0
0.0
0.0
0.0
0.0
0.0
0.0
0.0
0.0
0.0
0.0
0.0
0.0
0.0
0.0
0.0
0.0
0.0
0.0
0.0
0.0
4.473753483461848
3.571033601400276
3.0072976214117624
2.8427741856377438
2.65218811225832
2.516228264428174
2.89065673545018
2.165593131381936
1.8408363764333127
1.9285459706113857
2.004610602618868
2.0018898583378153
1.9460748728471293
1.8764834895921692
1.8020934632907952
1.7206183429386885
1.6195403873842993
1.56232453899304
0.32186974873447993
0.0
0.0
0.0
0.0
0.0
0.0
0.0
0.0
0.0
0.0
0.0
0.0
0.0
0.0
0.0
0.0
0.0
0.0
0.0
0.0
0.0
0.0
0.0
0.0
0.0
0.0
0.0
0.0
0.0
0.0
0.0
0.0
4.947970756889334
3.4171302908782852
2.581958851566078
2.3345209836828666
2.759394632846017
2.716671571385644
2.8002553831932597
2.787139133062861
2.2043601138183235
1.8568470363818683
0.04895577751984914
0.0
0.0
0.0
0.0
0.0
0.0
0.0
0.0
0.0
0.0
0.0
0.0
0.0
0.0
0.0
0.0
0.0
0.0
0.0
0.0
0.0
0.0
0.0
0.0
0.0
0.0
0.0
0.0
0.0
0.0
0.0
0.0
0.0
0.0
0.0
0.0
0.0
0.0
0.0
0.0
0.0
5.247058656579762
3.3818331181675365
2.356374545565871
1.4010086747350716
1.7192878486947798
1.9650136614064586
1.9940172381525927
1.9706440383993105
1.9057386751220349
1.0581422842145418
1.1515568354906907
1.1561056402061207
0.0
0.0
0.0
0.0
0.0
0.0
0.0
0.0
0.0
0.0
0.0
0.0
0.0
0.0
0.0
0.0
0.0
0.0
0.0
0.0
0.0
0.0
0.0
0.0
0.0
0.0
0.0
0.0
0.0
0.0
0.0
0.0
0.0
0.0
0.0
0.0
0.0
0.0
0.0
0.0
6.241807885585039
4.263361370892136
3.476851270837109
2.947955835945871
1.8013810692011583
0.0
0.0
0.0
0.0
0.0
0.0
0.0
0.0
0.0
0.0
0.0
0.0
0.0
0.0
0.0
0.0
0.0
0.0
0.0
0.0
0.0
0.0
0.0
0.0
0.0
0.0
0.0
0.0
0.0
0.0
0.0
0.0
0.0
0.0
0.0
0.0
0.0
0.0
0.0
0.0
0.0
0.0
0.0
0.0
0.0
0.0
0.0
0.0
0.0
0.0
0.0
0.0
0.0
0.0
0.0
0.0
0.0
0.0
0.0
0.0
0.0
0.0
0.0
0.0
0.0
0.0
0.0
0.0
0.0
0.0
0.0
0.0
0.0
0.0
0.0
0.0
0.0
0.0
0.0
0.0
0.0
0.0
0.0
0.0
0.0
0.0
0.0
0.0
0.0
0.0
0.0
0.0
0.0
0.0
0.0
0.0
0.0
0.0
0.0
0.0
0.0
0.0
0.0
0.0
0.0
0.0
0.0
0.0
0.0
0.0
0.0
0.0
0.0
0.0
0.0
0.0
0.0
0.0
0.0
0.0
0.0
0.0
0.0
0.0
0.0
0.0
0.0
0.0
0.0
0.0
0.0
0.0
0.0
0.0
0.0
0.0
0.0
0.0
0.0
0.0
0.0
0.0
0.0
0.0
0.0
0.0
0.0
0.0
0.0
0.0
0.0
0.0
0.0
0.0
0.0
0.0
0.0
0.0
0.0
0.0
0.0
0.0
0.0
0.0
0.0
0.0
0.0
0.0
0.0
0.0
0.0
0.0
0.0
0.0
0.0
0.0
0.0
0.0
0.0
0.0
0.0
0.0
0.0
0.0
0.0
0.0
0.0
0.0
0.0
0.0
0.0
0.0
0.0
0.0
0.0
0.0
0.0
0.0
0.0
0.0
6.54035296796147
3.3652513901929995
2.121656250025352
1.9376871223959382
1.3030106663459025
0.9101102457616893
1.1129811451795921
1.536862972621408
1.738962358679764
1.8125322770403622
1.8183218008683089
1.7818449425208622
1.769634294354248
0.0
0.0
0.0
0.0
0.0
0.0
0.0
0.0
0.0
0.0
0.0
0.0
0.0
0.0
0.0
0.0
0.0
0.0
0.0
0.0
0.0
0.0
0.0
0.0
0.0
0.0
0.0
0.0
0.0
0.0
0.0
0.0
0.0
0.0
0.0
0.0
0.0
0.0
0.0
0.0
0.0
0.0
0.0
0.0
0.0
0.0
0.0
0.0
0.0
0.0
0.0
0.0
0.0
0.0
0.0
0.0
0.0
0.0
0.0
0.0
0.0
0.0
0.0
0.0
0.0
0.0
0.0
0.0
0.0
0.0
0.0
0.0
0.0
0.0
0.0
0.0
0.0
0.0
0.0
0.0
0.0
4.1543895164730555
3.6204262368760864
3.197820983540301
2.9275223828558428
2.656167042809604
2.1840872407349927
1.9990777111843578
2.1571006674855395
2.092710229277403
0.6389198536151602
1.1593367071322211
1.154306732574253
0.7338221445435749
0.0
0.0
0.0
0.0
0.0
0.0
0.0
0.0
0.0
0.0
0.0
0.0
0.0
0.0
0.0
0.0
0.0
0.0
0.0
0.0
0.0
0.0
0.0
0.0
0.0
0.0
0.0
0.0
0.0
0.0
0.0
0.0
0.0
0.0
0.0
0.0
0.0
0.0
0.0
0.0
0.0
0.0
0.0
0.0
0.0
0.0
3.3022655455246888
2.5518116960126744
0.21685189718031275
0.0
0.0
0.0
0.0
0.0
0.0
0.0
0.0
0.0
0.0
0.0
0.0
0.0
0.0
0.0
0.0
0.0
0.0
0.0
0.0
0.0
0.0
0.0
0.0
0.0
0.0
0.0
0.0
0.0
0.0
0.0
0.0
0.0
0.0
0.0
0.0
0.0
0.0
0.0
0.0
0.0
0.0
0.0
0.0
0.0
0.0
0.0
0.0
0.0
0.0
0.0
0.0
0.0
0.0
0.0
0.0
0.0
0.0
0.0
0.0
0.0
0.0
0.0
0.0
0.0
0.0
0.0
0.0
0.0
0.0
0.0
0.0
0.0
0.0
0.0
0.0
0.0
0.0
0.0
0.0
0.0
0.0
0.0
0.0
0.0
0.0
0.0
0.0
0.0
0.0
0.0
0.0
0.0
0.0
0.0
0.0
0.0
5.301937002935299
3.283538790776279
1.7345600376733532
1.593778545803394
1.9066904619338285
2.0565699828110846
2.108469878161953
2.641844555084928
1.9241374539771683
1.657465021703755
2.1465181738846715
1.988652380498801
2.4269233629849163
2.3692333275071027
2.254976206670357
1.0192160424235932
1.5158849655899331
1.4147909381150665
0.7619881418705764
0.010968048473221017
0.0
0.0
0.0
0.0
0.0
0.0
0.0
0.0
0.0
0.0
0.0
0.0
0.0
0.0
0.0
0.0
0.0
0.0
0.0
0.0
0.0
0.0
0.0
0.0
0.0
0.0
0.0
0.0
0.0
0.0
0.0
0.0
0.0
0.0
0.0
0.0
0.0
0.0
0.0
0.0
0.0
0.0
0.0
0.0
0.0
0.0
0.0
0.0
0.0
0.0
0.0
0.0
0.0
0.0
0.0
0.0
0.0
0.0
0.0
0.0
0.0
0.0
0.0
0.0
0.0
0.0
0.0
0.0
0.0
0.0
0.0
0.0
0.0
0.0
0.0
0.0
0.0
0.0
0.0
0.0
0.0
0.0
0.0
0.0
0.0
0.0
0.0
0.0
0.0
0.0
0.0
0.0
0.0
0.0
0.0
0.0
0.0
0.0
0.0
0.0
0.0
0.0
0.0
0.0
0.0
0.0
0.0
0.0
0.0
0.0
0.0
0.0
0.0
0.0
0.0
0.0
0.0
0.0
0.0
0.0
0.0
0.0
0.0
0.0
0.0
0.0
0.0
0.0
0.0
0.0
0.0
5.0224214672736025
3.0236377810750876
1.850268138057339
1.2795234341948758
2.564524440461715
2.4428564060240174
2.3231138177753246
2.2183423893713266
2.1269784464574704
2.1087026420823802
2.0687067361366744
0.6167352766488406
0.6414425122373221
0.47698347004583935
0.0
0.0
0.0
0.0
0.0
0.0
0.0
0.0
0.0
0.0
0.0
0.0
0.0
0.0
0.0
0.5290197584450386
0.0
0.0
0.0
0.0
0.0
0.0
0.0
0.0
0.0
0.0
0.0
0.0
0.0
0.0
0.0
0.0
0.0
0.0
0.0
0.0
0.0
0.0
0.0
0.0
0.0
0.0
0.0
0.0
0.0
0.0
0.0
0.0
0.0
0.0
0.0
0.0
0.0
0.0
0.0
0.0
0.0
0.0
0.0
0.0
0.0
0.0
0.0
0.0
0.0
0.0
0.0
0.0
0.0
0.0
0.0
0.0
0.0
0.0
0.0
0.0
0.0
0.0
0.0
4.016016626877221
2.277494127915135
2.1291398007815254
0.7690449340200616
1.3921437735156754
1.1455020691457132
0.0
0.0
0.0
0.0
0.0
0.0
0.0
0.0
0.0
0.0
0.0
0.0
0.0
0.0
0.0
0.0
0.0
0.0
0.0
0.0
0.0
0.0
0.0
0.0
0.0
0.0
0.0
0.0
0.0
0.0
0.0
0.0
0.0
0.0
0.0
0.0
0.0
0.0
