0.0
0.0
0.0
0.0
0.0
0.0
0.0
0.0
0.0
0.0
0.0
0.0
0.0
0.0
0.0
0.0
0.0
0.0
0.0
0.0
0.0
0.0
0.0
0.0
0.0
0.0
0.0
0.0
0.0
0.0
0.0
0.0
0.0
0.0
0.0
0.0
0.0
0.0
0.0
0.0
0.0
0.0
0.0
0.0
0.0
0.0
0.0
0.0
0.0
0.0
0.0
0.0
12.503730642503085
9.104922041367011
6.937161505437896
4.86857640642096
4.963624943729215
4.45284640326911
4.076767161312377
3.751439509427718
1.534427404255129
2.0635614766760613
2.114914167011218
2.1741159864427506
1.9013991670887933
2.398446532320047
2.7759073574502118
0.0
0.0
0.0
0.0
0.0
0.0
0.0
0.0
0.0
0.0
0.0
0.0
0.0
0.0
0.0
0.0
0.0
0.0
0.0
0.0
0.0
0.0
0.0
0.0
0.0
0.0
0.0
0.0
0.0
0.0
0.0
0.0
0.0
0.0
0.0
0.0
0.0
0.0
0.0
0.0
0.0
0.0
10.105611398650513
6.494168313365766
4.599044313637729
3.640570221429661
3.074117687722899
3.423734461656628
3.228290446501698
2.4919806453624127
2.498285761541904
2.518332059942868
2.5420084792557995
2.553578720946605
0.4629683616532997
0.5458985609677445
0.5021060111559347
0.5080574446036314
0.0
0.0
0.0
0.11448549354507397
0.0
0.0
0.0
0.0
0.0
0.0
0.0
0.0
0.0
0.0
0.0
0.0
0.0
0.0
0.0
0.0
0.0
0.0
0.0
0.0
0.0
0.0
6.607125451807558
5.351218210637651
4.155483163478939
2.863425654064995
2.992177095129166
2.822235136950987
2.7161969425081574
1.9298653501613885
1.886309341110719
2.044383434268494
2.034167449875582
2.0375407380504202
2.1925095527287928
2.387751952562703
2.4563950098297265
2.4545356338068762
2.466690901709131
0.3553381505779325
0.4172744215082149
0.0
0.0
0.0
0.0
0.0
0.0
0.0
1.682915108558627
1.5516787655832784
1.5490014764590347
1.5754852765435448
0.0
0.0
0.0
0.0
0.0
0.0
0.0
0.0
0.0
0.0
0.0
0.0
0.0
0.0
0.0
0.0
0.0
0.0
0.0
0.0
0.0
0.0
0.0
0.0
0.0
0.0
0.0
0.0
0.0
0.0
0.0
0.0
0.0
0.0
0.0
0.0
0.0
0.0
0.0
0.0
0.0
0.0
0.0
0.0
0.0
0.0
0.0
0.0
0.0
0.0
0.0
0.0
0.0
0.0
0.0
0.0
0.0
0.0
0.0
0.0
0.0
0.0
0.0
0.0
0.0
0.0
0.0
0.0
0.0
6.183293254921521
5.315684857709399
4.849447014308158
4.232461495443304
3.9307128618049134
2.6246722864186722
3.3429296118871488
3.31647838717432
3.2511190065361326
3.1852718538836293
3.1272254703812172
3.151623942869929
3.076588587511971
1.7261800126559916
1.7247359216986768
0.0
0.0
0.0
0.0
0.0
0.0
0.0
0.0
0.0
0.0
0.0
0.0
0.0
0.0
0.0
0.0
0.0
0.0
0.0
0.0
0.0
0.0
0.0
0.0
0.0
0.0
0.0
0.0
0.0
0.0
0.0
0.0
0.0
0.0
0.0
0.0
0.0
0.0
0.0
0.0
0.0
0.0
0.0
0.0
0.0
0.0
0.0
0.0
0.0
0.0
0.0
12.969042381637994
6.877019222800044
3.2365144743938488
2.1803270771763468
1.3451918758331491
0.9082870003445761
0.3533208649618067
0.3701368655711961
0.4400464871243662
0.4909121801328176
0.5399075463336577
0.5807031896744385
0.6151601565420564
0.6441514814358916
0.1712080562105608
0.0
0.0
0.0
0.0
0.0
0.0
0.0
0.0
0.0
0.0
0.0
0.0
0.0
0.0
0.0
0.0
0.0
0.0
0.0
0.0
0.0
0.0
0.0
1.7059620037990717
1.7290257839073273
2.905016814745367
2.764425492721231
1.8141552913338737
1.743291283243898
1.7001968736603421
1.6796345896648384
1.7035627584506783
1.9969137721479315
2.471779622517966
2.626354101526091
2.296173270671925
2.323115701216956
0.210229244989618
0.0
0.0
0.0
0.0
0.0
0.0
0.0
0.0
0.0
0.0
0.0
0.0
0.0
0.0
0.0
0.0
0.0
0.0
0.0
0.0
0.0
0.0
0.0
0.0
0.0
0.0
0.0
0.0
0.0
0.0
0.0
0.0
0.0
7.982319825292806
6.29358452946449
4.992926760727139
3.8391223087056447
3.2086926468702845
2.835841648943023
1.7565679772995555
1.6175853787458832
1.366519311241784
0.9298640435705104
2.636806905096112
2.0061397998052932
1.7601763305772855
1.92214072269808
2.148063570898585
2.0519842735361937
1.5387272203357605
0.0
0.0
0.0
0.0
0.0
0.0
0.0
0.0
0.0
0.0
0.0
0.0
0.0
0.0
0.0
0.0
0.0
0.0
0.0
0.0
0.0
0.0
0.0
0.0
0.0
0.0
0.0
0.0
0.0
0.0
0.0
0.0
0.0
0.0
0.0
0.0
0.0
0.0
0.0
2.5553369493447806
2.593800044467541
1.4187932236951266
1.4619419720154039
0.0
0.0
0.0
0.0
0.0
0.0
0.0
0.0
0.0
0.0
0.0
0.0
0.0
0.0
0.0
0.0
0.0
0.0
0.0
0.0
0.0
0.0
0.0
0.0
0.0
0.0
0.0
0.0
0.0
0.0
0.0
0.0
0.0
0.0
0.0
0.0
0.0
0.0
0.0
0.0
0.0
0.0
0.0
0.0
0.0
9.647806603421962
7.174957585012524
4.723652599897987
3.628653575359361
1.5997689403958535
1.0769704251117715
1.6567553852844206
2.4707635032600144
2.518814023116095
1.9190333720201531
0.43817161433091145
0.5235762799402773
0.6770215334260575
0.7190108061353542
1.975839221633103
1.9750454886359166
2.0387769903963515
2.039041684257931
2.084164619639396
2.0897758917391216
0.37354210137363125
0.0
0.0
0.0
0.0
0.0
0.0
0.0
0.0
0.0
0.0
0.0
0.0
0.0
0.0
0.0
0.0
0.0
0.0
0.0
0.0
0.0
0.0
0.0
0.0
0.0
0.0
0.0
0.0
0.0
0.0
2.10234665191599
1.6853337020188122
1.3365943862453211
0.5745020430021097
1.130722405560353
1.2728580351231573
0.0
0.0
0.0
0.0
0.0
0.0
0.0
0.0
0.0
0.0
0.0
0.0
0.0
0.0
0.0
0.0
0.0
0.0
0.0
0.0
0.0
0.0
0.0
0.0
0.0
0.0
0.0
0.0
0.0
0.0
0.0
0.0
0.0
0.0
0.0
0.0
0.0
0.0
0.0
0.0
0.0
0.0
0.0
0.0
0.0
1.6117652626045929
1.6140993237361243
0.0
0.0
0.0
0.0
0.0
0.0
0.0
0.0
0.0
0.0
1.0973336894349552
1.9817814482075125
1.8170522976473
1.7975745834070485
1.8398182764489623
1.924738311447187
2.017276628424899
2.053722419562288
1.996286766165821
0.2507359690445915
0.0
0.0
0.0
0.0
0.0
0.0
0.0
0.0
0.0
0.0
0.0
0.0
0.0
0.0
0.0
0.0
0.0
0.0
0.0
0.0
0.0
0.0
0.0
0.0
0.0
2.792196053252867
2.7053099416653343
1.8734146278413721
1.9214291530458851
1.5457845853803587
0.7343952430407402
0.7454793026180313
1.1049795958597546
0.0
0.0
0.0
0.0
0.0
0.0
0.0
0.0
0.0
0.0
0.0
0.0
0.0
0.0
0.0
0.0
0.0
0.0
0.0
0.0
0.0
0.0
0.0
0.0
0.0
0.0
0.0
0.0
0.0
0.0
0.0
0.0
0.0
0.0
0.0
0.0
0.0
0.0
0.0
0.0
0.0
0.0
0.0
0.0
0.0
0.0
0.0
0.0
0.0
0.0
0.0
0.0
0.0
0.0
0.0
0.0
0.0
0.0
0.0
0.0
0.0
0.0
0.0
0.0
3.5410855012693965
2.6625095592130945
2.2406872257221186
1.7480277636851724
1.0800703695151417
0.03606263827950581
0.0
0.0
0.0
0.0
0.0
0.0
0.0
0.0
0.0
0.0
1.160999209108503
2.622108571776586
1.0483502802134463
0.8783140496635972
0.0
0.0
0.0
0.0
0.0
0.0
0.0
0.0
0.0
0.0
0.0
0.0
0.0
0.0
0.0
0.0
0.0
0.0
0.0
0.0
0.0
0.0
0.0
0.0
0.0
0.0
0.0
0.0
0.0
0.0
0.0
0.0
0.0
0.0
0.0
0.0
0.0
0.0
0.0
0.0
0.0
0.0
0.0
0.0
0.0
0.0
0.0
0.0
0.0
0.0
0.0
0.0
0.0
0.0
0.0
0.0
0.0
1.7670681973563955
1.6139447344219182
3.7805664152505623
2.7448910714408097
2.157508852319834
2.0342092778879275
1.4695574677043735
1.4161958292673966
1.4867845137980622
2.0335039668500934
2.024127753455342
1.8104486438680396
1.8765527858284423
0.0
0.0
0.0
0.0
0.0
0.0
0.0
0.0
0.0
0.0
0.0
0.0
0.0
0.0
0.0
0.0
0.0
0.0
0.0
0.0
0.0
0.0
0.0
0.0
0.0
0.0
0.0
0.0
0.0
0.0
0.0
0.0
0.0
0.0
0.0
0.0
0.0
0.0
0.0
0.0
4.22249281729565
5.696857810448888
3.8888095949649197
1.622028084443264
0.9647406145098548
1.674175337727993
2.5327136307860125
2.5369078693240232
1.9984811203597932
0.44613074120511015
0.48523278785213514
0.5379706473941882
0.5818753262071207
0.6039165962618632
0.6819720552669895
0.0
0.0
0.0
0.0
0.0
0.0
0.0
0.0
0.0
0.0
0.0
0.0
0.0
0.0
0.0
0.0
0.0
0.0
0.0
0.0
0.0
0.0
0.0
0.0
0.0
0.0
0.0
0.0
0.0
0.0
0.0
0.0
6.9030079832018165
5.568648014408737
4.412320692228132
4.132436629289434
3.8894971627664354
3.7537954995730813
3.589530034724048
3.5138304304378796
3.4353620761036385
3.3309717405231365
1.6940775401693664
1.9933782726062355
1.991042980831409
0.0
0.0
0.0
0.0
0.0
0.0
0.0
0.0
0.0
0.0
0.0
0.0
0.0
0.0
0.0
0.0
0.0
0.0
0.0
0.0
0.0
0.0
0.0
0.0
0.0
0.0
0.0
0.0
0.0
0.0
0.0
0.0
0.0
0.0
0.0
0.0
5.478784922305193
4.262473518593983
2.824192630329899
3.3173562684931994
1.459955653303289
1.3285034450952802
1.3798119742248536
0.681554736820725
0.7333089896685309
0.8206026831118484
0.0
0.0
0.0
0.0
0.0
0.0
0.0
0.0
0.0
0.0
0.0
0.0
0.0
0.0
0.0
0.0
0.0
0.0
0.0
0.0
0.0
0.0
0.0
0.0
0.0
0.0
0.0
0.0
0.0
0.0
0.0
0.0
0.0
0.0
0.0
0.0
0.0
0.0
0.0
0.0
0.0
0.0
0.0
0.0
1.8345494867580123
2.0633742672320428
3.8517916016767346
3.5742854686012553
3.4679039477889124
3.4819278349132188
3.416800748464739
3.3509777533035
2.193170062448149
2.2196073972504533
2.4220428388887516
0.0
0.0
0.0
0.0
0.0
0.0
0.0
0.0
0.0
0.0
0.0
0.0
0.0
0.0
0.0
0.0
0.0
0.0
0.0
0.0
0.0
0.0
0.0
0.0
0.0
0.0
0.0
0.0
0.0
0.0
0.0
0.0
0.0
0.0
0.0
0.0
0.0
0.0
0.0
0.0
0.0
0.0
0.0
0.0
0.0
0.0
0.0
0.0
0.0
0.0
0.0
0.0
0.0
0.0
0.0
0.0
0.0
0.0
0.0
0.0
0.0
0.0
0.0
0.0
0.0
0.0
0.0
0.0
0.0
0.0
0.0
0.0
0.0
0.0
0.0
0.0
0.0
0.0
0.0
0.0
0.0
0.0
0.0
0.0
0.0
0.0
0.0
0.0
0.0
0.0
0.0
0.0
0.0
6.096855264644103
3.8281283031066824
3.365115209747469
2.572159729504137
1.697397276927124
2.4007829076221174
2.503499548819429
2.4873239620942322
1.8377526734894671
0.0
0.0
0.0
0.0
0.0
0.0
0.0
0.0
0.0
0.0
0.0
0.0
0.0
0.0
0.0
0.0
0.0
0.0
0.0
0.0
0.0
0.0
0.0
0.0
0.0
0.0
0.0
0.0
0.0
0.0
0.0
0.0
0.0
0.0
0.0
0.0
0.0
0.0
1.6148920279105865
1.6266273936424556
1.648536430925173
1.676450983341292
1.7160835153757719
2.291096055396778
2.345126462730188
0.0
0.0
0.0
0.0
0.0
0.0
0.0
0.0
0.0
0.0
0.0
0.0
0.0
0.0
0.0
0.0
0.0
0.0
0.0
0.0
0.0
0.0
0.0
0.0
0.0
0.0
0.0
0.0
0.0
0.0
0.0
0.0
0.0
0.0
0.0
0.0
0.0
1.4786069173093417
4.077650533397395
4.3623787507236305
3.967986419839982
3.327098334603809
1.4762819171503079
1.2514383303375265
1.311508255283582
0.723159945605938
0.8268172894072674
0.8373343104882387
0.0
0.0
0.0
0.0
0.0
0.0
0.0
0.0
0.0
0.0
0.0
0.0
0.0
0.0
0.0
0.0
0.0
0.0
0.0
0.0
0.0
0.0
0.0
0.0
0.0
0.0
0.0
0.0
0.0
0.0
0.0
0.0
0.0
0.0
0.0
0.0
0.0
0.0
0.0
0.0
0.0
0.0
0.0
0.0
0.0
0.0
0.0
0.0
0.0
0.0
0.0
0.0
0.0
11.915844715325049
7.558827531814216
4.984938158165846
3.542357876191207
1.560510701300954
0.9528561555594784
0.04863831536571524
0.4783993964518072
0.559618345015501
0.6853017818638975
0.7695362198215853
0.8379364574950378
0.1764245436829925
0.0
0.0
0.0
0.0
0.0
0.0
0.0
0.0
0.0
0.0
0.0
0.0
0.0
0.0
0.0
0.0
0.0
0.0
0.0
0.0
0.0
6.664945069160002
5.4192150794613045
4.2426341013081
3.5350207943017744
3.128094674174803
2.9006610709781455
2.743542858330004
1.7353423786946325
1.6570171725691678
1.8454376986764123
0.5781910687787455
0.5284592957993923
1.1341946951471769
1.4598354600503933
1.6901370861706655
0.0
0.0
0.0
0.0
0.0
0.0
0.0
0.0
0.0
0.0
0.0
0.0
0.0
0.0
0.0
0.0
0.0
0.0
0.0
0.0
0.0
0.0
0.0
0.0
0.0
0.0
0.0
0.0
0.0
0.0
0.0
0.0
0.0
0.0
0.0
0.0
0.0
0.0
0.0
0.0
0.0
0.0
0.0
0.0
0.0
0.0
7.649185768910627
5.328467904851796
4.646249141115266
3.775532680224669
2.512538778808925
2.479478992973812
2.340363169644649
2.340347383010449
2.3680960287650885
2.5194905614053145
0.455596262348174
0.21867626569714746
0.04054447263749215
0.0
0.0
0.0
0.0
0.0
0.0
0.0
0.0
0.0
0.0
0.0
0.0
0.0
0.0
0.0
0.0
0.0
0.0
0.0
0.0
0.0
0.0
0.0
0.0
0.0
0.0
1.9507228905692833
4.158268958151931
3.4654672701301994
3.060633144624477
3.690584782192708
3.4702292112856794
3.1579746006639273
1.84998628942024
1.537320068940353
1.2497525626636903
1.3974931007539921
1.4761391685466023
1.5027705279988544
1.4955201665679894
0.0
0.0
0.0
0.0
0.0
0.0
0.0
0.0
0.0
0.0
0.0
0.0
0.0
0.0
0.0
0.0
0.0
0.0
0.0
0.0
0.0
0.0
0.0
0.0
0.0
0.0
0.0
0.0
0.0
0.0
0.0
0.0
0.0
0.0
0.0
0.0
0.0
0.0
0.0
0.0
0.0
0.0
8.308120354607556
6.380049291423726
4.290541555534524
3.133024275303796
2.388078794600758
2.186344782047596
1.9924389679252126
1.9415350893852272
2.246721243506123
2.2973468750454087
2.318531622476192
0.1813241902137406
0.21165134583229622
0.33874165474571133
0.4423244981020179
0.5295744379793768
0.5793054730086825
0.3216268214069271
0.0
0.0
0.0
0.0
0.0
0.0
0.0
0.0
0.0
0.0
0.0
0.0
0.0
0.0
0.0
0.0
0.0
0.0
0.0
0.0
0.0
0.0
0.0
0.0
0.0
0.0
0.0
0.0
0.0
0.0
2.306526538616841
0.8095395765639399
1.9481746607183608
1.4450019369033096
1.261064007556716
1.3263776817734727
1.3337858007611334
1.4491761019923897
1.5082388687948367
1.8159160300544683
0.035972339207703805
0.0
0.0
0.0
0.0
0.0
0.0
0.0
0.0
0.0
0.0
0.0
0.0
0.0
0.0
0.0
0.0
0.0
0.0
0.0
0.0
0.0
0.0
0.0
0.0
0.0
0.0
0.0
0.0
0.0
0.0
0.0
0.0
0.0
0.0
0.0
0.0
0.0
0.0
0.0
0.0
0.0
0.0
1.907159183122862
1.685627305351502
2.6152204761474036
2.168679532386969
1.8782027189046946
1.6903591022362192
1.582414723171731
1.59580103446235
1.750241437715108
1.7698109039363297
0.0
0.0
0.0
0.0
0.0
0.0
0.0
0.0
0.0
2.833355824729876
2.582778004277814
2.339738946645301
0.0
0.0
0.0
0.0
0.0
0.0
0.0
0.0
0.0
0.0
0.0
0.0
0.0
0.0
0.0
0.0
0.0
0.0
0.0
0.0
0.0
0.0
0.0
0.0
0.0
0.0
0.0
0.755355139335543
1.1546775930794946
1.2496603915979887
0.0
0.0
0.0
0.0
0.0
0.0
0.0
0.0
0.0
0.0
0.0
0.0
0.0
0.0
0.0
0.0
0.0
0.0
0.0
0.0
0.0
0.0
0.0
0.0
0.0
0.0
0.0
0.0
0.0
0.0
0.0
0.0
0.0
0.0
0.0
0.0
0.0
0.0
0.0
0.0
0.0
0.0
0.0
0.0
0.0
0.0
0.0
0.0
0.0
0.0
0.0
0.0
0.0
10.437146492403164
8.071944522471469
6.042246946362483
3.737820568852284
3.022269510906016
2.7048048276995336
2.5738456678441715
2.5777095787151443
2.3750273021017967
2.525984226117378
0.09471728791682299
0.0
0.11567980937327021
0.47722384207915325
0.7373754788899174
1.1014401350766663
1.2306417753600054
0.0
0.0
0.0
0.0
0.0
0.0
0.0
0.0
0.0
0.0
0.0
0.0
0.0
0.0
0.0
0.0
0.0
0.0
0.0
1.8254311240378398
5.342294259258621
4.202023664518366
4.240618992823757
4.202920599184594
3.9384227808054333
3.574231035448486
3.314402818096566
2.9050184007698108
1.7326639654651905
1.673406696952728
1.6201753744271445
1.576484865212252
1.5626411022766584
1.6178397670913696
2.0473646530697165
2.1020417253149235
2.1318456484621797
0.0
0.0
0.0
0.0
0.0
0.0
0.0
0.0
0.0
0.0
0.0
0.0
0.0
0.0
0.0
0.0
0.0
0.0
0.0
0.0
0.0
0.0
0.0
0.0
0.0
0.0
0.0
0.0
0.0
0.0
0.0
0.0
0.0
0.0
0.0
0.0
0.0
0.0
0.0
0.0
2.307995111646727
4.754409648722904
3.3549382802674486
2.2142218358271135
2.039822924111735
1.7401427276672448
3.645101199440611
1.8408431046988143
1.9511779510322083
1.8429390614879835
0.24522516780945416
0.47650951431725047
0.0
0.0
0.0
0.0
0.0
0.0
3.373793360082205
2.9107152990072507
1.6298322708293635
0.0
0.0
0.0
0.0
0.0
0.0
0.0
0.0
0.0
0.0
0.0
0.0
0.0
0.0
0.0
0.0
0.0
0.0
0.0
0.0
0.0
0.0
0.0
0.0
0.0
0.0
0.0
1.7267473593035876
1.435628878316753
1.5626827117398174
0.9871911632097705
1.0932777719417899
0.0
0.0
0.0
0.0
0.0
0.0
0.0
0.0
0.0
0.0
0.0
0.0
0.0
0.0
0.0
0.0
0.0
0.0
0.0
0.0
0.0
0.0
0.0
0.0
0.0
0.0
0.0
0.0
0.0
0.0
0.0
0.0
0.0
0.0
0.0
0.0
0.0
0.0
0.0
0.0
0.0
0.0
0.0
0.0
0.0
0.0
0.0
0.0
0.0
0.0
0.0
0.0
0.0
0.0
0.0
0.0
0.0
7.597419142102245
5.354095656895492
3.705787345929881
2.9855323561786093
2.4273939019645665
2.352418441019267
0.5528034450428303
0.14102503942830003
0.27400126482360476
0.43710011659055
0.5358394663485252
0.19012732790971776
0.362628891654455
1.0608762710087603
0.0
0.0
0.0
0.0
0.0
0.0
0.0
0.0
0.0
0.0
0.0
0.0
0.0
0.0
0.0
0.0
0.0
0.0
0.0
0.0
0.0
1.1958467786176656
1.339201315725675
1.5115287120855918
2.718447529950441
2.6760256261001616
2.6413544792687293
1.7956907964706361
3.6685823048318094
2.7588243874635907
2.056865500741247
2.086858808755476
2.1960494582002785
2.4690342504558607
2.5164088480591777
2.2861559909441134
2.318402905102249
0.23897332424302506
0.0
0.0
0.0
0.0
0.0
0.0
0.0
0.0
0.0
0.0
0.0
0.0
0.0
0.0
0.0
0.0
0.0
0.0
0.0
0.0
0.0
0.0
0.0
0.0
0.0
0.0
0.0
0.0
0.0
0.0
0.0
0.0
0.0
0.0
0.0
0.0
0.0
0.0
0.0
0.0
0.0
0.0
0.0
0.0
8.167837794935814
4.603551523197033
2.871547669667769
2.7993772657611737
2.6246300281925965
0.44190685079152225
0.2677305706413633
0.3659773665004278
1.7550941174661352
1.878985777443222
1.9179812574997852
1.8259962825187321
1.87115455867032
1.8850531304631508
1.9351293846134658
1.980265427369527
2.02256592178783
2.0641253412186695
2.0911275086657577
0.0
0.0
0.0
0.0
0.0
0.0
0.0
0.0
0.0
0.0
0.0
0.0
0.0
0.0
0.0
0.0
0.0
1.2972223069285906
1.400327281399318
3.2354942592556943
2.8548462642974437
2.6231159826088417
2.6794865630480795
2.604815309403307
4.399904758897846
3.8097089639242325
2.145331646499788
1.848641299311377
1.2686152322837916
0.5683247379588365
0.5706937216869443
0.5082291854813272
0.0
0.0
0.0
0.0
0.0
0.0
0.0
0.0
0.0
0.0
0.0
0.0
0.0
0.0
0.0
0.0
0.0
0.0
0.0
0.0
0.0
0.0
0.0
0.0
0.0
0.0
0.0
0.0
0.0
0.0
0.0
0.0
0.0
0.0
0.0
0.0
0.0
0.0
0.0
0.0
0.0
0.0
0.0
0.0
0.0
0.0
0.0
0.0
0.0
5.1141732939691975
8.177930437425859
5.70980071648597
3.681750608506816
2.981790454784196
2.5713142627696843
2.523133567875382
2.5150273392509797
2.5131248454720523
2.5102522544101533
0.31066058958388354
0.9670056793400785
1.328821874465116
1.6756309255475565
1.758771942582641
1.8115972536102856
1.8678185828083174
1.1534083410696194
0.3773213808139806
0.0
0.0
0.0
0.0
0.0
0.0
0.0
0.0
0.0
0.0
0.0
0.0
0.0
0.0
0.0
0.0
0.0
1.9213049175672208
5.826051476235793
4.701290529562667
3.7164342157967054
3.1679234695321914
2.8541297376570567
2.674030035416422
4.194560059112581
3.6678951912593023
1.9939770941162105
1.2529047413655487
1.3624529790820554
0.2144723415411559
0.3753162121695494
0.34434151940718577
0.36837088905140664
0.0
0.0
0.0
0.0
0.0
0.0
0.0
0.0
0.0
0.0
0.0
0.0
0.0
0.0
0.0
0.0
0.0
0.0
0.0
0.0
0.0
0.0
0.0
0.0
0.0
0.0
0.0
0.0
0.0
0.0
0.0
0.0
0.0
0.0
0.0
0.0
0.0
0.0
0.0
0.0
0.0
0.0
0.0
0.0
0.0
0.0
0.0
12.859809185218534
8.734216757465608
5.5829043493396835
3.986956054051089
3.202077081311425
2.575955425588584
2.5233674264864154
2.555860147569127
2.599717720645168
2.5010767365387334
0.34356889781539424
0.9342866538240906
1.3023351483039698
1.4607908451069949
1.5749363917564823
1.633448503268626
1.7045490170491362
0.3025770235286583
0.35512373759270577
1.2742205993874443
0.5147277995011343
0.0
0.0
0.0
0.0
0.0
0.0
0.0
0.0
0.0
0.0
0.0
0.0
0.0
0.0
0.0
0.0
0.0
0.0
0.0
1.2145223341382643
1.2571124915673
1.373851791226331
2.7536591677117013
2.66839461640052
2.6115198758022835
1.7186135713949378
1.6953681289683527
2.201098694081884
0.5012522653493854
1.8116361447918932
2.1460413134370757
2.2393929638891708
2.382942655031763
2.268573429198682
0.3245624100375977
0.29460834225166105
0.0
0.0
0.0
0.0
0.0
0.0
0.0
0.0
0.0
0.0
0.0
0.0
0.0
0.0
0.0
0.0
0.0
0.0
0.0
0.0
0.0
0.0
0.0
0.0
0.0
0.0
0.0
0.0
0.0
0.0
0.0
0.0
0.0
0.0
0.0
0.0
0.0
0.0
0.0
0.0
0.0
0.0
5.001073352570878
7.358775090760011
4.861147216547129
4.3207020635192315
3.5666564539057886
2.1748570708029002
2.2507931904941962
2.3293806871470237
2.3511009330186186
2.3548624878875866
0.16756894865290198
0.15488883240358445
0.300317773084082
0.41544797663619354
2.0853866429066708
2.032824600176875
0.08890086506229877
0.0
0.0
0.0
0.0
0.0
0.0
0.0
0.0
0.0
0.0
0.0
0.0
0.0
0.0
0.0
0.0
0.0
0.0
0.0
0.0
0.0
0.0
4.514565413322611
3.663590751142002
3.987978695396378
3.712870529606258
3.3634306213253238
3.094798200094841
2.9040251155422903
2.756552985768512
1.1157089150698776
1.233422897527048
1.3168690460047145
0.1587354831334748
0.0
0.0
0.0
0.0
0.0
0.0
0.0
0.0
0.0
0.0
0.0
0.0
0.0
0.0
0.0
0.0
0.0
0.0
0.0
0.0
0.0
0.0
0.0
0.0
0.0
0.0
0.0
0.0
0.0
0.0
0.0
0.0
0.0
0.0
0.0
0.0
0.0
0.0
0.0
0.0
0.0
0.0
0.0
0.0
0.0
0.0
0.0
0.0
0.0
13.292965852151307
8.85884811134544
5.603835144068445
4.096114965024433
3.3654515526965194
2.867099394703216
2.570645568033966
2.430488120765158
2.4520243985246717
2.473297860579117
2.4903714381142916
2.704313748201232
0.2537021024950879
0.0
0.0
0.0
0.091700458671939
0.0
0.0
0.0
0.0
0.0
0.0
0.0
0.0
0.0
0.0
0.0
0.0
0.0
0.0
0.0
0.0
0.0
0.0
0.0
0.0
0.0
0.0
1.079720456470237
1.128190407192785
1.7904887579631525
4.131125400145047
3.738621611160302
3.4209003556656254
3.194156186982258
2.92603944943815
1.5611117557107732
1.4978753597149213
1.4407858785905185
1.4393825135946847
1.5033914642864878
1.547031648558377
1.7403532948777147
1.8139690848742906
0.0
0.0
0.0
0.0
0.0
0.0
0.0
0.0
0.0
0.0
0.0
0.0
0.0
0.0
0.0
0.0
0.0
0.0
0.0
0.0
0.0
0.0
0.0
0.0
0.0
0.0
0.0
0.0
0.0
0.0
0.0
0.0
0.0
0.0
0.0
0.0
0.0
0.0
0.0
0.0
0.0
0.0
3.830762232446879
7.254884090627604
4.670931094858856
2.8296999304179256
1.6645022007268662
1.5684746002876833
1.9893281004506147
2.026163915407976
1.8463685809463652
0.9025289221691724
0.34852347235812964
0.6366646398117816
0.6226571311619262
0.0
0.0
0.0
0.0
0.0
0.0
0.0
0.0
0.0
0.0
0.0
0.0
0.0
0.0
0.0
0.0
0.0
0.0
0.0
0.0
0.0
0.0
0.0
0.0
0.0
0.0
0.0
0.0
0.0
0.0
0.0
0.0
0.0
0.0
0.0
2.1034940006028338
2.035633170825331
1.274463139167677
1.2833361736612448
1.3839596109522656
0.37254419237984915
0.47346416106017225
0.0
0.0
0.0
0.0
0.0
0.0
0.0
0.0
0.0
0.0
0.0
0.0
0.0
0.0
0.0
0.0
0.0
0.0
0.0
0.0
0.0
0.0
0.0
0.0
0.0
0.0
0.0
0.0
0.0
0.0
0.0
0.0
0.0
0.0
0.0
0.0
0.0
0.0
0.0
0.0
0.0
0.0
0.0
0.0
0.0
0.0
9.82205329405879
6.832203868482964
4.763084983417553
3.6241202195702282
3.234136477027299
2.6603840128489944
3.117406331626155
2.355174059313048
2.5449033888221404
2.509448809832909
2.4512888125205574
2.3924325485703184
2.448297376061696
2.5007185849614793
2.5419325912466886
0.43275814684342245
0.0
0.08175907111006069
0.30330750941741447
0.5212710247038779
0.6739530959657647
0.3697355980074515
0.0
0.0
0.0
0.0
0.0
0.0
0.0
0.0
0.0
0.0
0.0
0.0
0.0
0.0
0.0
0.0
0.0
0.0
0.0
0.0
4.168533191211329
4.065898419011172
3.692086097392947
3.4265713401549176
3.087952426836588
3.432159325155662
3.30855263356065
3.156690011079581
3.066540907152154
1.4650756699521792
1.5071650797650997
1.5434688895927269
0.0
0.0
0.0
0.0
0.0
0.0
0.0
0.0
0.0
0.0
0.0
0.0
0.0
0.0
0.0
0.0
0.0
0.0
0.0
0.0
0.0
0.0
0.0
0.0
0.0
0.0
0.0
0.0
0.0
0.0
0.0
0.0
0.0
0.0
0.0
0.0
0.0
0.0
0.0
0.0
0.0
0.0
0.0
0.0
0.0
0.0
0.0
0.0
0.0
0.0
0.0
0.0
4.359001045139873
9.628287182562719
5.569561686473731
3.6764845407558586
2.6474009360599178
1.9888991249352213
0.9548565967365075
1.8489560315277276
0.8794285784814307
2.0123924600722782
1.8850019573632153
1.0178784603654305
0.9956641556820618
0.9768324793571701
2.726883074362221
0.6736151178439528
0.0
0.0
0.0
0.0
0.0
0.0
0.0
0.0
0.0
0.0
0.0
0.0
0.0
0.0
0.0
0.0
0.0
0.0
0.0
0.0
0.0
0.0
0.0
2.1564471174272426
2.244028384436124
2.730966146610624
3.407215389377663
1.733991688635932
1.6433502956616377
1.550305562659766
0.35358921778816266
1.0659658790829822
1.3964449377128691
0.0
0.0
0.0
0.0
0.0
0.0
0.0
0.0
0.0
0.0
0.0
0.0
0.0
0.0
0.0
0.0
0.0
0.0
0.0
0.0
0.0
0.0
0.0
0.0
0.0
0.0
0.0
0.0
0.0
0.0
0.0
0.0
0.0
0.0
0.0
0.0
0.0
0.0
0.0
0.0
0.0
0.0
0.0
0.0
0.0
1.5223585526183807
1.5427058541135916
1.5848894507788858
1.6319994806291458
0.0
0.0
0.0
0.0
0.0
0.0
0.0
0.0
0.0
0.0
0.0
0.0
0.0
0.0
0.0
0.0
0.0
0.0
0.0
0.0
0.0
0.0
0.0
0.0
0.0
0.0
0.0
0.0
0.0
0.0
0.0
0.0
0.0
0.0
0.0
0.0
0.5945426123993782
0.5247961937202085
0.5761980508611476
0.7505371592266558
0.8897388632183234
1.0256376818847617
1.1596593627787517
1.2928570599049853
1.4259810150005274
1.205426107748801
1.3711752184869868
1.537536678675378
0.18694957841571097
0.31858403596056467
0.0
0.0
0.0
0.0
0.0
0.0
0.0
0.0
0.0
0.0
0.0
0.0
0.0
0.0
0.0
0.0
0.0
0.0
0.0
0.0
0.0
0.0
0.0
0.0
0.0
0.0
0.0
0.0
0.0
0.0
0.0
0.0
0.0
0.0
0.0
0.0
0.0
0.0
0.0
0.0
0.0
0.0
0.0
0.0
0.0
10.159582947092737
7.300201405985224
5.075433522955285
3.6429994154033407
2.802764489138344
2.4273031252094652
3.079445708553723
2.9027561247276656
2.2109852433965913
2.2378934592053574
3.192818445272814
2.5756668901653077
1.7338153691160936
1.6790060775172575
1.6603185431067513
1.7948009620222107
1.8388045594040614
1.8774271620590715
1.9253323849717556
1.2815221707021882
1.2331032117046847
0.11910313743541423
0.0
0.0
0.0
0.0
0.0
0.0
0.0
0.0
0.0
0.0
0.0
0.0
0.0
0.0
0.0
0.0
0.0
0.0
0.0
0.0
0.0
0.0
0.0
9.265990328833048
7.150947511710885
5.754370035230357
4.370889625934365
3.5669805097312888
2.2023885027936636
2.597017770964524
1.4022937987257769
0.40876916530694773
0.16247791218589105
0.12836491306357442
0.8556680921105947
1.2954366893528577
0.05462912965959039
0.0
0.0
0.0
0.0
0.0
0.0
0.0
0.0
0.0
0.0
0.0
0.0
0.0
0.0
0.0
0.0
0.0
0.0
0.0
0.0
0.0
0.0
0.0
0.0
0.0
0.0
0.0
0.0
0.0
0.0
0.0
0.0
0.0
0.0
0.0
0.0
0.0
0.0
0.0
0.0
0.0
0.0
0.0
0.0
0.0
0.0
0.0
12.581948806440355
7.987700296478454
5.731937838285502
4.098584632714077
3.24921811679109
2.8391672486294697
2.693614223724801
2.680768339373519
3.1157290187574596
2.0717472247814395
0.5241776933182073
0.2237884979880275
0.01988184469342732
0.0
0.0
0.1334562297039323
0.2712539825936247
0.0
0.0
0.0
0.0
0.0
0.0
0.0
0.0
0.0
0.0
0.0
0.0
0.0
0.0
0.0
0.0
0.0
0.0
0.0
0.0
0.0
0.0
0.0
0.0
0.0
0.0
0.0
0.0
6.5486101067173275
4.6244250234562285
3.5454352429450635
2.8228483338599397
2.397121694605784
3.0583690225675033
2.9272436907368284
2.3706270809583665
2.375782203852027
0.5911879400669433
0.5553765009190234
0.5339481755980365
0.5118465540587317
0.5331549690362141
0.5819920643623816
0.0
0.0
0.0
0.0
0.0
0.0
0.0
0.0
0.0
0.0
0.0
0.0
0.0
0.0
0.0
0.0
0.0
0.0
0.0
0.0
0.0
0.0
0.0
0.0
0.0
0.0
0.0
0.0
0.0
6.804535204342125
5.507929093185055
4.335248602482851
3.538421162588139
3.9639962952827714
1.781757053761498
1.054470849963549
4.177641377685996
2.1741050351700766
1.9848835322990812
1.795235211769595
0.0
0.0
0.0
0.0
0.0
0.0
0.0
0.0
0.0
0.0
0.0
0.0
2.4506168949666742
2.079342993977045
1.9379948979208055
1.0605143723282204
1.030940266759144
2.4459435962398124
1.5863746388257172
0.0
0.0
0.0
0.0
0.0
0.0
0.0
0.0
0.0
2.124840145769501
0.0
0.0
0.0
0.0
0.0
0.0
0.0
0.0
0.0
0.0
0.0
1.2561904760644371
1.2533193244562066
1.3883080033655202
1.5329781535333111
1.5921025677392544
1.402928235940527
1.4090151087498124
0.373174230153669
0.34232444822068847
0.35127503192373416
0.0
0.0
0.0
0.0
0.0
0.0
0.0
0.0
0.0
0.0
0.0
0.0
0.0
0.0
0.0
0.0
0.0
0.0
0.0
0.0
0.0
0.0
0.0
0.0
0.0
0.0
0.0
0.0
0.0
0.0
0.0
0.0
0.0
0.0
0.0
0.0
0.0
0.0
0.0
0.0
0.0
0.0
0.0
0.0
0.0
0.0
0.0
0.0
0.0
0.0
0.0
18.162482388873315
11.481171241105223
7.445504421873052
5.29484901921777
4.147989148262916
3.5142447829572143
3.070592967675558
2.693432384987411
2.6421062625643543
1.0229763317427245
0.5135513185586434
0.17989903655616296
0.0
0.0
0.14368759958356536
0.26509791322239035
0.35331795948903055
0.41985892361307003
0.589305213090024
0.6565565497343673
0.2930613359423702
0.0
0.0
0.0
0.0
0.0
0.0
0.0
0.0
0.0
0.0
0.0
0.0
0.0
0.0
0.0
0.0
0.0
0.0
0.0
0.0
0.0
0.0
0.0
0.0
4.033269751298455
5.938675847613576
4.301034515195175
3.2935922697624527
2.617930735985248
2.3022459279290017
2.3863081898145637
2.370272817236847
2.3678527606829602
0.41425269022770334
0.3818773771590306
0.4803111810886718
0.5649702351677155
0.6237573504640169
0.0
0.0
0.0
0.0
0.0
0.0
0.0
0.0
0.0
0.0
0.0
0.0
0.0
0.0
0.0
0.0
0.0
0.0
0.0
0.0
0.0
0.0
0.0
0.0
0.0
0.0
0.0
2.91719401512456
2.3743251474351657
2.020769887077219
0.0
0.0
0.0
0.0
0.0
0.0
0.0
0.0
0.0
0.0
0.0
0.0
0.0
0.0
0.0
0.0
0.0
0.0
0.0
0.0
0.0
0.453898000302011
0.22402763455788363
0.07833110205991053
0.0
0.0
0.0
0.0
0.0
0.0
0.0
0.0
0.0
0.0
0.0
0.0
0.0
0.0
0.0
0.0
0.0
0.0
0.0
0.0
0.0
0.0
0.0
1.1319566421297256
1.1957198482290932
1.261812450520235
1.4594529277977577
2.0000101129747203
2.1065241972157627
1.8421177167569267
2.697866968668841
1.3715321313774471
1.4391825621455374
0.0
0.0
0.0
0.0
0.0
0.0
0.0
0.0
0.0
0.0
0.0
0.0
0.0
0.0
0.0
0.0
0.0
0.0
0.0
0.0
0.0
0.0
0.0
0.0
0.0
0.0
0.0
0.0
0.0
0.0
0.0
0.0
0.0
0.0
0.0
0.0
0.0
0.0
0.0
0.0
0.0
0.0
0.0
0.0
0.0
0.0
0.0
0.0
0.0
0.0
0.0
0.0
0.0
0.0
0.0
0.0
0.0
0.0
0.0
0.0
0.0
0.0
10.75106807759544
5.9256667102801135
2.775803788816141
1.7191230993428506
0.7992640276447723
0.4455997741930905
0.3185559917404946
0.2984456169929748
0.3706080970356779
1.5027754482041615
0.615536718189511
0.6749775075391338
0.722269952928387
0.7532221282706799
0.9445636898588963
0.0
0.0
0.0
0.0
0.0
0.0
0.0
0.0
0.0
0.0
0.0
0.0
0.0
0.0
0.0
4.272713096319628
4.4915942554606145
3.114094327150209
2.8542539127746545
2.665991931358143
1.7684650366560308
1.7330189336652162
1.8323152012066033
0.5952001797867897
0.6230989665600288
1.7489807937269042
1.915897593748649
2.026646870612379
0.0
0.0
0.0
0.0
0.0
0.0
0.0
0.0
0.0
0.0
0.0
0.0
0.0
0.0
0.0
0.0
0.0
0.0
0.0
0.0
0.0
0.0
0.0
0.0
0.0
0.0
0.0
0.0
0.0
0.0
0.0
0.0
0.0
0.0
0.0
0.0
0.0
0.0
0.0
0.0
0.0
0.0
0.0
0.0
0.0
0.0
0.0
0.0
0.0
0.0
0.0
0.0
0.0
0.0
0.0
0.0
0.0
0.0
0.0
0.0
0.0
0.0
0.0
0.0
0.0
0.0
0.0
0.0
0.0
0.0
0.0
0.0
0.0
0.0
0.0
0.0
0.0
0.0
0.0
0.0
0.0
0.0
0.0
0.0
0.0
0.0
0.0
2.335858123964423
2.2765946849952057
2.3383260414162463
3.313501427217361
2.7781856897174855
1.635205764221838
1.5321172623580803
1.4740471900637189
0.7527759812574726
0.79635448423178
1.066631082736172
0.0
0.0
0.0
0.0
0.0
0.0
0.0
0.0
0.0
0.0
0.0
0.0
0.0
0.0
0.0
0.0
0.0
0.0
0.0
0.0
0.0
0.0
0.0
0.0
0.0
0.0
0.0
0.0
0.0
0.0
0.0
0.0
0.0
0.0
0.0
0.0
0.0
0.0
0.0
0.0
0.0
0.0
0.0
0.0
0.0
0.0
6.868026910872329
4.696756567491223
3.3806897644306497
2.628846523258853
2.1991649624941587
1.9519455767453027
2.48409410630104
2.3008918491354367
2.2773258706230775
2.2515521031053956
0.0
0.0
0.0
0.0
0.0
0.0
0.0
0.0
0.0
0.0
0.0
0.0
0.0
0.0
0.0
0.0
0.0
0.0
0.0
0.0
0.0
0.0
0.0
0.0
0.0
0.0
0.0
6.555204543845271
5.330465903720324
4.161497285192494
3.5106496745592297
3.1398057848338903
2.9435352253984663
3.6446873916642435
3.48636370530206
3.4513472984280202
3.245836251643595
2.762164920108183
1.5959399880585103
1.5428667403338572
1.501590614124471
1.4557199223542858
1.496735495201401
1.5599289065794018
1.9724554933353413
2.146079527755814
1.884979971397004
0.0
0.0
0.0
0.0
0.0
0.0
0.0
0.0
0.0
0.0
0.0
0.0
0.0
0.0
0.0
0.0
0.0
0.0
0.0
0.0
0.0
0.0
0.0
0.0
0.0
0.0
0.0
0.0
0.0
0.0
0.0
0.0
0.0
0.0
0.0
0.0
0.0
0.0
0.0
5.325600753035035
4.696146462646319
3.1231354954331048
2.4573175842499335
2.05604954747722
1.798114054527333
1.6154025754378178
1.4873278598298065
2.269029725265483
2.296032074516825
1.7074961251163954
0.44670625172086786
0.2882986032968574
0.030148205327170587
0.0
0.0
0.0
0.0
0.0
0.0
0.0
0.0
0.0
0.0
0.0
0.0
0.0
0.0
0.0
0.0
0.0
0.0
0.0
0.0
0.0
0.0
0.0
0.0
0.0
0.0
0.0
0.98226237144685
0.8729417115472458
1.455811751082186
1.3782796980580616
1.510938448021612
1.6443026625175439
1.7910301731922849
1.9453030483401672
2.9257347277405517
2.844426319621358
3.419916754848604
1.3762998399806101
1.3430782296907924
1.422886983340595
0.6492043589452622
0.67924293894817
0.0
0.0
0.0
0.0
0.0
0.0
0.0
0.0
0.0
0.0
0.0
0.0
0.0
0.0
0.0
0.0
0.0
0.0
0.0
0.0
0.0
0.0
0.0
0.0
0.0
0.0
0.0
0.0
0.0
0.0
0.0
0.0
0.0
0.0
0.0
0.0
0.0
0.0
0.0
0.0
0.0
0.0
0.0
0.0
0.0
0.0
0.0
0.0
0.0
0.0
1.9041428726316159
1.6250258869757293
0.0
0.0
0.0
0.0
0.0
0.0
0.0
0.0
0.0
0.0
0.0
0.0
0.0
0.4684784406542895
2.461332213145822
0.0
0.0
0.0
0.0
0.0
0.0
0.0
0.0
0.0
0.0
0.0
0.0
0.0
0.0
0.0
0.0
0.0
0.0
0.0
0.0
0.0
4.564948203374458
4.255605046185395
3.657575458009749
3.2843584309168583
2.8371800258031796
2.6068499491498454
2.174488723181124
1.1653039068439657
1.292745497726257
1.3569593885049078
0.6573833683288357
0.7184877340951759
0.8193496525931812
0.0
0.0
0.0
0.0
0.0
0.0
0.0
0.0
0.0
0.0
0.0
0.0
0.0
0.0
0.0
0.0
0.0
0.0
0.0
0.0
0.0
0.0
0.0
0.0
0.0
0.0
0.0
0.0
0.0
0.0
0.0
0.0
0.0
0.0
0.0
0.0
0.0
0.0
0.0
0.0
0.0
0.0
0.0
0.0
0.0
0.0
0.0
0.0
8.515178726848148
5.634399560813282
4.791591338005109
3.9608132601385333
2.5974450923434067
2.3089820636676883
2.32949819536919
2.3508936429296097
2.3953837294527114
2.426557829811545
0.48659374168545394
0.11721676384353312
0.0
0.0
0.0
0.1576217305362039
0.148345364790338
0.0
0.0
0.0
0.0
0.0
0.0
0.0
0.0
0.0
0.0
0.0
0.0
0.0
0.0
0.0
0.0
0.0
0.0
0.0
0.0
0.0
0.0
0.0
0.0
0.0
0.0
0.0
0.0
4.881275150459283
7.112421115887804
4.852452687851942
3.49138995432817
2.77408339321714
2.528439390453867
2.2808063793626223
2.123540911430658
2.065658909794087
2.07629329466719
2.3261634651692478
0.6215831443677036
0.5617449394670521
0.5249027453922557
0.4928814312941634
0.5302386553562388
0.0
0.0
0.0
0.0
0.0
0.0
0.0
0.0
0.0
0.0
0.0
0.0
0.0
0.0
0.0
0.0
0.0
0.0
0.0
0.0
0.0
0.0
0.0
0.0
0.0
0.0
0.0
0.0
0.0
0.0
0.0
0.0
0.0
0.0
11.169750524117049
6.959732996196182
4.520447044814173
3.209113202094836
2.839613391307663
2.2857762884563213
1.9735327490156178
2.369976012590747
2.4096890487693368
1.868180792737873
1.800380173951374
1.2503615112726298
1.1773068119954364
1.1559873956204454
1.2185465115076377
1.2752796605964114
1.2927142555085522
1.3124543856456599
1.3513979086727637
0.7521983739874948
0.7612647281327244
0.7694677466187908
2.522065574741385
2.2228943551297937
0.9657883000346572
0.0
0.0
0.0
0.0
0.0
0.0
0.0
0.0
0.0
0.0
0.0
0.0
0.0
0.0
0.0
0.0
0.0
0.0
1.9858206707885657
3.4904424329405
4.5276497883504305
3.4879123867224515
3.0211588242793193
2.6615742007152337
2.3494706870046334
2.0846677063642125
1.2152388407885848
1.2639569535098911
1.4262516421399172
0.6273024609801934
1.054444359034066
1.0020520010001424
0.0
0.0
0.0
0.0
0.0
0.0
0.0
0.0
0.0
0.0
0.0
0.0
0.0
0.0
0.0
0.0
0.0
0.0
0.0
0.0
0.0
0.0
0.0
0.0
0.0
0.0
0.0
0.0
0.0
0.0
0.0
0.0
0.0
0.0
0.0
0.0
0.0
0.0
0.0
0.0
0.0
0.0
0.0
0.0
0.0
4.927445355929334
6.2900261858619775
4.307802294401688
3.1540290820491874
2.5094752058268064
2.965084234876131
2.7231491714288274
2.4080689880559327
2.1741384376995785
2.159438756451897
2.245603191136921
2.4221616460528255
0.0
0.0
0.0
0.0
0.0
0.0
0.0
0.0
0.0
0.0
0.0
0.0
0.0
0.0
0.0
0.0
0.0
0.0
0.0
0.0
0.0
0.0
0.0
0.0
0.0
0.0
0.0
0.0
5.19971060532939
4.457138971831757
3.5617509205458147
3.0685803275002854
2.869750085371186
2.7135262206991237
2.6082376086837855
2.5368328097124717
2.5001446650345507
1.5730173090492028
1.5525351477179017
1.6058106221440005
0.5337685558363687
1.2167633916587053
1.2371522932321501
1.4420826445049701
1.7187316841777884
0.0
0.0
0.0
0.0
0.0
0.0
0.0
0.0
0.0
0.0
0.0
0.0
0.0
0.0
0.0
0.0
0.0
0.0
0.0
0.0
0.0
0.0
0.0
0.0
0.0
0.0
0.0
0.0
0.0
0.0
0.0
0.0
0.0
0.0
0.0
0.0
0.0
0.0
0.0
0.0
0.0
0.0
0.0
0.0
0.0
13.01355464405108
8.277591143572295
4.659094476169679
3.7945145451100806
2.582903153460985
2.424464282152801
2.310693138217358
2.470377857933724
2.5447837227411303
2.5290832430383756
2.44717555052064
0.03798927807121037
0.4713314881215355
1.0240981823008497
1.2152825865378691
1.3847461653414708
1.5163469068289446
1.6614232820223411
0.9385760799642683
0.19327534699291601
0.0
0.0
0.0
0.0
0.0
0.0
0.0
0.0
0.0
0.0
0.0
0.0
0.0
0.0
0.0
0.0
0.0
0.0
0.0
0.0
6.674339097114793
5.212364080516927
4.0910112322612555
3.460444817278133
3.1048734796666055
3.159328533280874
2.8625149498240647
1.9338379073138872
3.1722871031212607
2.510463904547935
0.5185624623964956
0.2532249960642522
1.4159447264432061
1.2925208308666374
1.608420302798771
2.0364202441092325
0.0
0.0
0.0
0.0
0.0
0.0
0.0
0.0
0.0
0.0
0.0
0.0
0.0
0.0
0.0
0.0
0.0
0.0
0.0
0.0
0.0
0.0
0.0
0.0
0.0
0.0
0.0
0.0
0.0
0.0
0.0
0.0
0.0
0.0
0.0
0.0
0.0
0.0
0.0
0.0
0.0
0.0
0.0
0.0
0.0
12.957458563211196
8.373824208777027
5.456703415765402
4.09248836827585
3.2543894828156517
2.7783584491283277
2.521784005548739
2.52442079353808
2.5218361442807824
2.535412015194316
0.5896957656516545
0.2854837831954661
0.07765500633362228
0.0
0.6993613272071859
1.1644704457721515
1.2096816597684916
1.2971768960831682
0.0
0.0
0.0
0.0
0.0
0.0
0.0
0.0
0.0
0.0
0.0
0.0
0.0
0.0
0.0
0.0
0.0
0.0
0.0
0.0
0.0
2.5678364587663207
5.795569350376047
5.264687625691023
4.688400556980302
4.018588978065896
3.533066119444084
3.2748038753707425
1.390603544718557
1.2419071989770545
1.3319737610834872
1.4059530084740393
1.4766557623975605
1.4987691971193604
0.0
0.0
0.0
0.0
0.0
0.0
0.0
0.0
0.0
0.0
0.0
0.0
0.0
0.0
0.0
0.0
0.0
0.0
0.0
0.0
0.0
0.0
0.0
0.0
0.0
0.0
0.0
0.0
0.0
0.0
0.0
0.0
0.0
0.0
0.0
0.0
0.0
0.0
0.0
5.1026002639287515
4.461425440530327
3.587576674070344
3.083988011821545
3.4719929540737873
1.874095968014729
1.6123556792394662
1.487739578706927
1.4381484095889527
2.43061533778958
1.8203639073389137
1.8960503640401791
1.998437396517508
1.698050389791656
1.7297220451602262
0.13828438931494047
0.0
0.0
0.0
0.0
0.0
0.0
0.0
0.0
0.0
0.0
0.0
0.0
0.0
0.0
0.0
0.0
0.0
0.0
0.0
0.0
0.0
0.0
0.0
0.0
0.0
0.0
0.0
0.0
0.0
0.0
0.0
0.0
0.0
0.0
0.0
0.0
0.0
0.0
0.0
0.0
1.3229294009995005
1.4102673797326533
0.5154169453757229
0.5872430786662646
0.0
0.0
0.0
0.0
0.0
0.0
0.0
0.0
0.0
0.0
0.0
0.0
0.0
0.0
0.0
0.0
0.0
0.0
0.0
0.0
0.0
0.0
0.0
0.0
0.0
0.0
0.0
0.0
0.0
0.0
0.0
0.0
0.0
0.0
0.0
0.0
0.0
0.0
0.0
0.0
0.0
0.0
0.0
0.0
0.0
0.0
0.0
0.0
6.728463921077519
8.637777870430739
6.438661623359301
4.929869441500674
4.054128624944827
2.6293968458459536
2.4584703161227073
2.375733226797539
2.4363410471024207
2.4082464776552728
1.2483757702942078
1.382020736524097
1.4772902257748075
1.5132172120418002
1.582215358112755
1.5709959893372603
0.8694163703654971
0.8615434263596162
2.3772865530437084
2.186100110401849
1.0120943414359445
1.837961943861639
0.9651436437991713
0.0
0.0
0.0
0.0
0.0
0.0
0.0
0.0
0.0
0.0
0.0
0.0
0.0
0.0
0.0
0.0
2.2640740098167904
4.663080078365981
3.7068601510753183
3.1583540108373027
2.850182857285536
2.676125969702098
2.577663005236668
2.5172909905869054
1.7482728629994517
1.7810990606459334
1.8310502862150895
0.44096792338499485
0.3821230383450008
0.4409606155903335
2.0842852862167103
2.2636965370252993
0.41456077729657753
0.4595779237943267
0.0
0.0
0.0
0.0
0.0
0.0
0.0
0.0
0.0
0.0
0.0
0.0
0.0
0.0
0.0
0.0
0.0
0.0
0.0
0.0
0.0
0.0
0.0
0.0
0.0
0.0
0.0
0.0
0.0
0.0
0.0
0.0
0.0
0.0
0.0
0.0
0.0
0.0
0.0
0.0
0.0
0.0
0.0
0.0
12.991858304595285
8.93674197662917
5.9960908580296755
4.254663492667531
3.3076804673782916
3.014774960811953
2.7427164330688685
2.5999376866186377
2.7357430821290474
2.7108554042414914
2.6623299203645496
1.1179410759290436
0.3117701125468886
0.08814852530238049
0.0
0.0
0.0
0.0
0.0
0.0
0.0
0.0
0.0
0.0
0.0
0.0
0.0
0.0
0.0
0.0
0.0
0.0
0.0
0.0
0.0
0.0
0.0
0.0
0.0
0.0
0.0
0.0
0.0
0.0
0.0
0.0
0.0
0.0
0.0
0.0
0.0
0.0
11.260616921102207
7.861683864992176
4.80657486022817
3.5695710583230507
2.1304551637444327
1.1952458825046413
0.8631558120253899
0.6892071904847289
0.5868488551097785
0.5203413573826253
0.5665730301153438
0.0
0.05950656390270568
0.15944016839271496
0.3076714351680212
0.0
0.0
0.0
0.0
0.0
0.0
0.0
0.0
0.0
0.0
0.0
0.0
0.0
0.0
0.0
0.0
0.0
0.0
0.0
0.0
0.0
0.0
0.0
0.0
0.0
3.307987821443474
5.596100278731123
4.790016748521998
3.796491473293277
2.3577402501762594
2.05168301268845
1.8681951875760652
1.745423909958037
1.6536777864400496
1.666850724181407
1.7224465094587056
2.217791873426603
2.2627090069702414
2.50168519185362
0.0
0.0
0.0
0.0
0.0
0.0
0.0
0.0
0.0
0.0
0.0
0.0
0.0
0.0
0.0
0.0
0.0
0.0
0.0
0.0
0.0
0.0
0.0
0.0
0.0
0.0
0.0
0.0
0.0
0.0
0.0
0.877327635469325
3.9283188891562606
3.43313775481704
3.153750143114956
2.984708980188521
2.875717564433415
2.799425965921661
2.74099607054048
4.558658298985561
3.0466496080079173
2.5016254339564474
2.1768353821134836
1.9356585991397086
1.4856577548596748
1.6024725997326619
1.571379538706863
1.6283566376642016
1.8005647239747846
0.0
0.0
0.0
0.0
0.0
0.0
0.0
0.0
0.0
0.0
0.0
0.0
0.0
0.0
0.0
0.0
0.0
0.0
0.0
0.0
0.0
0.0
0.0
0.0
0.0
0.0
0.0
0.0
0.0
0.0
0.0
0.0
0.0
0.0
0.0
0.0
0.0
0.0
0.0
0.0
0.0
6.9305818244912505
4.629224147923054
3.333260461155962
2.627582735544455
2.2141036494304025
1.9736069077364553
2.915106016547149
2.8490420182577907
1.9642241352182015
1.9832748693636988
2.2199040341310123
0.21466918062506976
0.284421687080709
0.38463453109617923
0.5442499774990844
0.5950519073401298
0.6364788357766475
0.0
0.0
0.0
0.0
0.0
0.0
0.0
0.0
0.0
0.0
0.0
0.0
0.0
0.0
0.0
0.0
0.0
0.0
0.0
0.0
0.0
0.0
0.0
0.0
5.017795359026231
4.243524716921893
4.051474822728263
4.0614308676482365
3.945830951388259
3.830078690385907
3.6536623683598215
3.582504835306155
3.5292698422442244
3.4650245763233913
3.3418627810489676
3.198680525315052
1.5996122513851345
1.6240571262960373
1.6352319392546089
0.0
0.0
0.0
0.0
0.0
0.0
0.0
0.0
0.0
0.0
0.0
0.0
0.0
0.0
0.0
0.0
0.0
0.0
0.0
0.0
0.0
0.0
0.0
0.0
0.0
0.0
0.0
0.0
0.0
0.0
0.0
0.0
0.0
0.0
0.0
0.0
0.0
0.0
0.0
9.420330108748889
6.310512583288279
5.394560789522135
4.4622097487996335
4.058405744307868
3.7755485897266476
3.500897930545753
3.410098982002659
3.283592890310758
3.239954221507935
3.1286798185677887
1.4322112746053302
1.4549525886810415
1.6943040521946457
0.0
0.0
0.0
0.0
0.0
0.0
0.0
0.0
0.0
0.0
0.0
0.0
0.0
0.0
0.0
0.0
0.0
0.0
0.0
0.0
0.0
0.0
0.0
0.0
0.0
0.0
0.0
0.0
0.0
0.0
0.0
0.0
0.0
0.0
0.0
0.0
0.0
1.9723006316419134
1.8004587153690461
1.9089406037408665
1.9826859927796887
1.8105668405130149
1.7336294100629448
1.740717335563831
1.6703280494996788
1.6370179304559487
1.6740145025344244
1.9189614927183758
2.43064872053942
2.1951541922660813
0.0
0.0
0.0
0.0
0.0
0.0
0.0
0.0
0.0
0.0
0.0
0.0
0.0
0.0
0.0
0.0
0.0
0.0
0.0
0.0
0.0
0.0
0.0
0.0
0.0
0.0
0.0
0.0
0.0
0.0
0.0
0.0
0.0
0.0
0.0
0.0
0.0
0.0
0.0
3.8612310005248673
6.649138116052553
5.067868437269636
3.6602452083067876
2.867658599505567
2.398229166239365
2.1011423580790995
1.917493949484941
2.551922918330016
2.452982386080194
1.9213258246886524
2.110438623730279
2.149051636946385
0.7578113698932049
0.0
0.12849790933038222
0.22686111875394324
0.0
0.0
0.0
0.0
0.0
0.0
0.0
0.0
0.0
0.0
0.0
0.0
0.0
0.0
0.0
0.0
0.0
0.0
0.0
0.0
0.0
0.0
0.0
0.0
0.0
0.0
1.22516545394777
4.3958268941176755
