0.0
0.0
0.0
0.0
0.0
0.0
0.0
0.0
0.0
0.0
0.0
0.0
0.0
0.0
0.0
0.0
0.0
0.0
0.0
0.0
0.0
0.0
0.0
0.0
0.0
0.0
0.0
0.0
0.0
0.0
0.0
0.0
0.0
0.0
0.0
0.0
0.0
0.0
0.0
0.0
0.0
0.0
0.0
0.0
0.0
0.0
0.0
0.0
12.515871718363542
7.971484416144039
5.488965890558693
1.2382218951038262
2.458866919740747
2.25256621336947
2.136917308905633
1.6265807737553766
1.6057638463767556
1.5811897265398227
1.5773517025055357
0.0
0.0
0.0
0.0
0.0
0.0
0.0
0.0
0.0
0.0
0.0
0.0
0.0
0.0
0.0
0.0
0.0
0.0
0.0
0.0
0.0
0.0
0.0
0.0
6.874484009653381
4.660568210793302
3.139452604138513
2.51309367998721
2.633630290219154
2.64192369261224
2.6611601310285486
2.181228860982688
2.2209737839877746
2.2796213621451002
2.3456371217646677
2.128564441134484
1.899680962610825
1.8875583133905607
1.9118413213789738
1.9202953121320245
1.8918216192619743
0.8483169108670487
0.8317424432909097
0.0
0.0
0.3614840011641673
0.17768689337115823
0.0
0.0
0.0
0.0
0.0
0.0
0.0
0.0
0.0
0.0
0.0
0.0
0.0
0.0
0.0
0.0
0.0
0.0
0.0
0.0
2.2088443130353657
4.997530798787669
5.0158631145894095
4.2616173194329745
2.9141423287440054
2.784600512566586
2.6678018238930985
1.8397232258974336
1.80663282140345
1.7951872726617732
1.9905731349268092
1.9672421312477137
1.9404505049312315
2.899599596270266
2.8655767900608224
2.320746626601192
2.351368614508883
2.386155119169554
0.27384853848539387
0.22299631211289267
0.0
0.0
0.0
0.0
0.0
0.0
0.0
0.0
0.0
0.0
0.0
0.0
0.0
0.0
0.0
0.0
0.0
0.0
0.0
0.0
0.0
0.0
0.0
0.0
0.0
0.0
0.0
0.0
0.0
0.0
0.0
0.0
0.0
0.0
0.0
0.0
0.0
0.0
0.0
0.0
0.0
0.0
0.0
0.0
0.0
11.624792806707632
7.545816013997574
3.9327370167617417
2.3031885289930396
1.475903174836602
1.8975517883062027
1.8106056204375771
1.2132329853910524
1.4912286651895672
1.5010309677718336
1.4835093516113271
1.5026022276676163
1.4916316158969936
1.5240639786761372
0.4866623377901229
0.0
0.0
0.0
0.0
0.0
0.0
0.0
0.0
0.0
0.0
0.0
0.0
0.0
0.0
0.0
0.0
0.0
0.0
0.0
0.0
1.2078707782159814
1.4994191815606102
1.63495415468049
1.6912987472315082
1.886691452930507
2.0524890469166786
2.155531279707011
3.3462730471462736
1.1795446470067181
1.267614464813559
0.3184991225423824
0.0
0.0
0.0
0.0
0.0
0.0
0.0
0.0
0.0
0.0
0.0
0.0
0.0
0.0
0.0
0.0
0.0
0.0
0.0
0.0
0.0
0.0
0.0
0.0
0.0
0.0
0.0
0.0
0.0
0.0
0.0
0.0
0.0
0.0
0.0
0.0
0.0
0.0
0.0
0.0
0.0
0.0
0.0
0.0
0.0
0.0
0.0
0.0
0.0
0.0
1.6414224604120937
0.0
0.0
0.0
0.0
0.0
0.0
0.0
0.0
0.0
0.0
0.0
0.0
0.0
0.0
1.5344377723934857
1.4535428339430556
1.0675787851735832
1.0269454015959278
0.0
0.0
0.0
0.0
0.0
0.0
0.0
0.0
0.0
0.0
0.0
0.0
0.0
0.0
0.0
0.0
0.0
1.3338151144806945
1.2792020993304625
2.562772621647546
2.43335852670274
2.337036415771541
2.2588088722326436
2.190617587277418
2.1481374687201322
4.052001995857134
3.507158844163481
1.896650232698844
1.7704916747893897
1.771077214054372
0.4687327162456832
0.0
0.0
0.0
0.0
0.0
0.0
0.0
0.0
0.0
0.0
0.0
0.0
0.0
0.0
0.0
0.0
0.0
0.0
0.0
0.0
0.0
0.0
0.0
0.0
0.0
0.0
0.0
0.0
0.0
0.0
0.0
0.0
0.0
0.0
0.0
0.0
0.0
0.0
0.0
0.0
0.0
0.0
0.0
0.0
0.0
3.027549329796382
8.172650503829939
6.083955085069867
5.296570141579405
4.638471469405635
4.38953974471469
3.9877956734017017
2.3803547781144503
2.722534912633538
2.2226749046637266
2.305171596964772
2.454615031377235
2.521764055689126
2.543656913529584
2.4905853482241445
2.4671049357670594
2.503896760679214
0.4205269408647344
0.0
0.0
0.0
0.0
0.0
0.0
0.0
0.0
0.0
0.0
0.0
0.0
0.0
0.0
0.0
0.0
0.0
0.0
0.0
0.0
0.0
0.0
0.0
0.0
0.0
0.0
0.0
0.0
0.0
0.0
0.0
0.0
0.0
0.0
0.0
0.0
0.0
11.998934374822861
7.468384879517098
4.812608157702336
3.49762353396268
2.8526033244562563
2.6883735146888044
0.7100413468349843
0.6055175521363781
0.5524221286492864
1.942384198509658
1.0332535338049345
1.1515604503848695
1.1279315916086246
1.0526463127963916
1.0961737603370807
1.1338365590495434
0.0
0.0
0.0
0.0
0.0
0.0
0.0
0.0
0.0
0.0
0.0
0.0
0.0
0.0
0.0
0.0
0.0
0.0
0.0
0.0
0.0
0.0
1.2449271767769554
3.929401869019024
3.3601829965323606
3.065888787774751
2.876574102193743
2.7510178070968676
2.6595825577758982
2.586252601263561
1.5792607288738196
1.5688069863786414
1.6079470284666633
0.46765025827369544
0.46224987110685767
1.8965522194001436
2.1421484430839635
2.2534751445553125
1.4171230356222555
0.0
0.0
0.0
0.0
0.0
0.0
0.0
0.0
0.0
0.0
0.0
0.0
0.0
0.0
0.0
4.1062617432700925
2.9841513754696316
0.0
0.0
0.0
0.0
0.0
0.0
0.0
0.0
0.0
0.0
0.0
0.0
0.0
0.0
0.0
0.0
0.0
0.0
0.0
0.0
0.0
0.0
0.0
0.0
0.0
0.0
0.0
6.083795866941877
4.309076372597671
3.3397253740069885
3.607392059920046
3.229066125319331
2.2420298650306028
2.2611953956061663
2.2856784298333452
2.2986374222595103
2.258337494606202
0.3782548842959061
0.0
0.0
0.0
0.0
0.0
0.0
0.0
0.0
0.0
0.0
0.0
0.0
0.0
0.0
0.0
0.0
0.0
0.0
0.0
0.0
0.0
0.0
0.0
0.0
0.0
0.0
0.0
2.233487313532429
3.708172589871361
3.873668108551957
3.460991099861661
3.342440445866184
3.060913740748897
1.5789965848775716
3.2522640891657635
3.3098279737857292
3.247093854790698
1.4668515903224522
1.5071589533204537
0.7032932816482127
0.0
0.0
0.0
0.0
0.0
0.0
0.0
0.0
0.0
0.0
0.0
0.0
0.0
0.0
0.0
0.0
0.0
0.0
0.0
0.0
0.0
0.0
0.0
0.0
0.0
0.0
0.0
0.0
1.9261686227386732
0.0
0.0
0.0
0.0
0.0
0.0
0.0
0.0
0.0
0.0
0.0
0.0
0.0
0.0
0.0
5.831090986288931
5.090245170234722
3.0664254220958016
3.0311408242979567
2.06417803644256
0.8039505531524217
0.7592790765382195
1.5133064572866937
1.6270624245075278
1.9765527967697063
2.063317308785021
0.18324353925770281
0.3220864822157041
0.0
0.0
0.0
0.0
0.0
0.0
0.0
0.0
0.0
0.0
0.0
0.0
0.0
0.0
0.0
0.0
0.0
0.0
0.0
0.0
0.0
0.0
0.0
0.0
0.0
0.0
0.0
0.0
0.0
0.0
0.0
5.682869613763685
5.217534690575639
4.452922349106316
3.9783839776542598
3.684419011407649
3.4884372732680973
3.3715369055565763
3.43118659202449
3.3708103217664225
3.310706645897221
3.3911753118522054
3.3504957426817867
3.3005240655121906
1.9595450941352852
1.6665968419923933
1.6575451643142531
2.169994535278837
0.0
0.0
0.0
0.0
0.0
0.0
0.0
0.0
0.0
0.0
0.0
0.0
0.0
0.0
0.0
0.0
0.0
0.0
0.0
0.0
0.0
0.0
0.0
0.0
0.0
0.0
0.0
0.0
0.0
0.0
0.0
0.0
0.0
0.0
0.0
0.0
0.0
6.01323589213037
4.759943351970055
3.6930797778313655
2.999077033291983
1.6280231975731796
1.6606122075313579
1.4889010883360811
0.8237193462565549
0.8502288309768125
0.8629627020146629
1.3992663456655885
1.4073446429979215
0.0
0.0
0.0
0.0
0.0
0.0
0.0
0.0
0.0
0.0
0.0
0.0
0.0
0.0
0.0
1.9518377634929607
0.0
0.0
0.0
0.0
0.0
0.0
0.0
0.0
0.0
0.0
0.0
0.0
0.0
0.0
0.0
0.0
0.0
0.0
0.0
0.0
0.0
0.0
0.0
0.0
0.0
2.6967751520460492
3.7655598762346356
3.069871310108939
2.5682217112454393
2.1977205301755283
1.721557470992276
2.0175537398246215
2.7593659133734767
2.6904071709639403
2.320436457743948
2.0165468800501847
2.0942614379655318
0.0
0.0
0.0
0.0
0.0
0.0
0.0
0.0
0.0
0.0
0.0
0.0
0.0
0.0
0.0
0.0
0.0
0.0
0.0
0.0
0.0
0.0
0.0
0.0
0.0
0.0
0.0
0.0
0.0
0.0
0.0
0.0
0.0
2.3399319412069572
4.2474688164537575
3.772875170755142
3.385956945177889
2.749786820009351
2.541485743386689
3.326610629743726
3.2000650052514623
1.3486696862974394
2.212301536209109
1.163161294087183
0.0
0.0
0.0
0.0
0.0
0.0
0.0
0.0
0.0
0.0
0.0
0.9811008590768652
0.7181719474492976
0.5694283858006013
0.0
0.0
0.0
0.0
0.0
0.0
0.0
0.0
0.0
0.0
0.0
0.0
0.0
0.0
0.0
0.0
0.0
0.0
0.0
0.0
0.0
0.0
0.0
5.1095907023227465
4.7590601970118875
3.9548778801893105
3.4766565013628066
3.1933543687190955
4.302834508128743
4.457765644076707
4.039590783365127
4.024997654559717
3.885898911102997
1.3828162219395168
1.4899305863553847
1.559991892271417
1.6320859717091365
1.421206237948452
1.536115794897871
0.0
0.0
0.0
0.0
0.0
0.0
0.0
0.0
0.0
0.0
0.0
0.0
0.0
0.0
0.0
0.0
0.0
0.0
0.0
0.0
0.0
0.0
0.0
0.0
0.0
0.0
0.0
0.0
0.0
0.0
0.0
0.0
0.0
0.0
0.0
0.0
0.0
0.0
0.0
0.0
0.0
0.0
0.0
1.267433098087932
2.1987641946856193
1.3777508111251806
1.4964773588737152
1.541499863333656
1.454996690758538
1.5240585326064868
1.8581346842737065
0.0
0.0
0.0
0.0
0.0
0.0
0.0
0.0
0.0
0.0
0.0
0.0
0.0
0.0
0.0
0.0
0.0
0.0
0.0
0.0
0.0
0.0
0.0
0.0
0.0
0.0
0.0
0.0
0.0
0.0
0.0
0.0
0.0
0.0
0.0
0.0
0.0
0.0
0.0
0.0
2.1375590862060303
1.4272963729290398
1.4313205358142898
1.4205620354998731
0.6265714722059014
0.0
0.0
0.0
0.0
0.0
0.0
0.0
0.0
0.0
0.0
0.0
0.0
0.0
0.0
0.0
0.0
0.0
0.0
0.0
0.0
0.0
0.0
0.0
0.0
0.0
0.0
0.0
0.0
0.0
0.0
0.0
0.0
0.0
0.0
0.0
0.0
0.0
0.0
0.0
0.0
0.0
0.0
0.0
0.0
0.0
0.0
6.450218651193692
4.6162926601739755
3.617774278739396
3.041236209821542
2.9282514306918572
2.91740307173103
3.494695131641939
3.406557686763578
2.586622807674668
3.5689174876606424
3.098649850702331
2.9224027194968483
2.8136158883916265
2.728961791092625
2.649685203311228
1.523620910655773
1.477142008186473
1.4748357889772192
1.4857393308883986
1.4710168958323084
1.5954101098841091
1.6504987120586545
0.7220309804474235
0.0
0.0
0.0
0.0
0.0
0.0
0.0
0.0
0.0
0.0
0.0
0.0
0.0
0.0
0.0
0.0
0.0
0.0
0.0
0.0
0.0
0.0
0.0
0.0
0.0
0.0
2.151712228845152
1.9662910575799752
1.8731964040582725
1.7815084439047857
1.8845409529631525
1.9288830531834975
2.142934919065697
2.49926183513603
2.5836718134592958
2.293484116987069
0.5597742873991504
0.0
0.0
0.0
0.0
0.0
0.0
0.0
0.0
0.0
0.0
0.0
0.0
0.0
0.0
0.0
0.0
0.0
0.0
0.0
0.0
0.0
0.0
0.0
0.0
0.0
0.0
0.0
0.0
0.0
0.0
0.0
0.0
0.0
0.0
0.0
0.0
0.0
0.0
0.0
0.0
0.0
0.0
3.789646132615498
7.362293625595961
4.79337384049208
3.3813480385450805
3.848966210688723
3.4004782848370105
2.551239640069268
2.518678264818893
0.5265105692703992
0.45694468869216676
2.7205083295076222
2.1334001384157095
2.0305647766645802
1.1731627753624958
1.1097261561992604
1.2282486402659616
1.3435727200555432
0.0
0.0
0.0
0.0
0.0
0.0
0.0
0.0
0.0
0.0
0.0
0.0
0.0
0.0
0.0
0.0
0.0
0.0
0.0
0.0
0.0
0.0
0.0
0.0
2.243031501266515
5.209388830157051
4.294514240964456
3.62127975929172
3.212038761459297
5.265421353681537
4.2921243350620095
4.018732106602641
3.7830184956800617
3.5690036480879073
3.3244773335989035
1.4780396255298947
1.520529708407857
1.5510866838446742
0.0
0.0
0.0
0.0
0.0
0.0
0.0
0.0
0.0
0.0
0.0
0.0
0.0
0.0
0.0
0.0
0.0
0.0
0.0
0.0
0.0
0.0
0.0
0.0
0.0
0.0
0.0
0.0
0.0
0.0
0.0
0.0
0.0
0.0
0.0
0.0
0.0
0.0
0.0
0.0
0.0
0.0
0.0
0.0
0.0
0.0
11.495095907206075
7.292663657349756
5.263888886489449
5.122678315267166
4.007726916960428
2.5125837995249016
1.2662264728657497
1.3238383142123256
1.3015739068663068
1.4851753817342468
2.4021598582481984
2.2524538616307126
2.11357507826649
2.124081535591344
2.046583769638081
1.9987899280397297
2.0852528117889086
1.922212400185738
1.0487506575322687
1.0250545927358572
0.0
0.0
0.0
0.0
0.0
0.0
0.0
0.0
0.0
0.0
0.0
0.0
0.0
0.0
0.0
0.0
0.0
0.0
0.0
1.0098670397264964
0.9143421677899655
0.9718952973902568
1.095853023907974
1.2239918716879403
1.3560281685495064
1.702910640162468
1.8102174613636657
2.1179951796566483
3.245714289960123
1.340277950033467
1.4024065073481475
1.4586611614193505
0.0
0.0
0.0
0.0
0.0
0.0
0.0
0.0
0.0
0.0
0.0
0.0
0.0
0.0
0.0
0.0
0.0
0.0
0.0
0.0
0.0
0.0
0.0
0.0
0.0
0.0
0.0
0.0
0.0
0.0
0.0
0.0
0.0
0.0
0.0
0.0
0.0
0.0
0.0
0.0
0.0
1.9401471428604902
5.29236617858542
4.497141986404362
3.7322746429061255
2.361374251484175
2.069326889575329
3.873374265490421
0.6825688191437191
0.7245858572971628
1.3795896245435195
1.6765732342685675
1.9386988560909766
1.8671581048800392
0.0
0.25821975637381894
0.0
0.0
0.0
0.0
0.0
0.0
0.0
0.0
0.0
0.0
0.0
0.0
0.0
0.0
0.0
0.0
0.0
0.0
0.0
0.0
0.0
0.0
0.0
0.0
0.0
0.0
0.0
0.0
1.3667109878711188
0.0
0.0
0.0
0.0
0.0
0.0
2.2513721107485853
1.3887876273397628
1.505961706862378
1.6600319272995103
1.398149564564107
1.482825345162377
2.90114429420082
2.1033039537102547
0.0
0.0
0.0
0.0
0.0
0.0
0.0
0.0
0.0
0.0
0.0
0.0
0.0
0.0
0.0
0.0
0.0
0.0
0.0
0.0
0.0
0.0
0.0
0.0
0.0
0.0
0.0
0.0
0.0
0.0
0.0
0.0
0.0
0.0
0.0
0.0
0.0
0.0
0.0
0.0
0.0
0.0
0.0
0.0
0.0
0.0
0.0
0.0
0.0
0.0
0.0
0.0
0.0
0.0
0.0
0.0
0.0
0.0
0.0
0.0
0.0
0.0
0.0
0.0
4.211952789075042
3.2648505480822947
2.7373165003956244
1.13240620692917
1.0710268268247345
0.0
0.0
0.0
0.0
0.0
0.0
0.0
0.0
0.0
0.0
0.0
0.0
0.0
0.0
0.0
0.0
0.0
0.0
0.0
0.0
0.0
0.0
0.0
0.0
0.0
4.957505052332339
4.487196541526393
2.5712672545438613
2.0582553188427672
1.7430928182486232
0.9568045854142945
0.9443372797887277
0.9351720515464259
1.443958920397495
1.4366709743185988
0.0
0.0
0.0
0.0
0.0
0.0
0.0
0.0
0.0
0.0
0.0
0.0
0.0
0.0
0.0
0.0
0.0
0.0
0.0
0.0
0.0
0.0
0.0
0.0
0.0
0.0
0.0
0.0
0.0
0.0
0.0
0.0
0.0
0.0
0.0
0.0
0.0
0.0
1.0341919156797903
1.260155654280332
3.333253439811166
3.4100245206445354
3.3355585443084874
3.287663334474833
3.4070212306071337
3.370224996486449
3.3230483794663357
3.2843336578161515
3.2708189123153093
3.2232280996820877
3.149383174106471
2.1538346566061843
2.172376251365994
0.0
0.0
0.0
0.0
0.0
0.0
0.0
0.0
0.0
0.0
0.0
0.0
0.0
0.0
0.0
0.0
0.0
0.0
0.0
0.0
0.0
0.0
0.0
0.0
0.0
0.0
0.0
0.0
0.0
0.0
0.0
0.0
0.0
0.0
0.0
0.0
0.0
0.0
5.389583368683245
2.858907068651802
1.7841328997091277
1.5949703802351363
0.7205746695201083
0.7541445729158847
0.7691780479154141
1.3558849717509474
0.0
0.0
0.0
0.0
0.0
0.0
0.0
0.0
0.0
0.0
0.0
0.0
0.0
0.0
0.0
0.0
0.0
0.0
0.0
0.0
0.0
0.0
0.0
0.0
0.0
0.0
0.0
0.0
0.0
0.0
0.0
0.0
0.0
0.0
0.0
0.0
0.0
0.0
0.0
0.0
0.0
0.0
0.0
0.0
0.0
0.0
1.819578194682513
1.8352654563481097
0.0
0.0
0.0
0.6731351770523115
0.0
0.0
0.0
0.0
0.0
0.0
0.0
0.0
0.0
0.0
0.0
0.0
0.0
0.0
0.0
0.0
0.0
0.0
0.0
0.0
0.0
0.0
0.0
0.0
0.0
0.0
0.0
0.0
0.0
0.0
1.3859376083715866
3.172342045744465
3.209985311047153
2.887769763147732
2.569361048121292
2.3367462713497926
2.1735279117147877
2.022274848236459
1.9184340223348793
2.063240893346499
2.0406962014547685
1.2345803759350358
1.3178084056538477
1.350091657827925
0.07594763835904304
0.039888874207542745
0.0
0.0
0.0
0.0
0.0
0.0
0.0
0.0
0.0
0.0
0.0
0.0
0.0
0.0
0.0
0.0
0.0
0.0
0.0
0.0
0.0
0.0
0.0
0.0
0.0
0.0
0.0
0.0
0.0
0.0
0.0
0.0
0.0
0.0
0.0
0.0
0.0
0.0
0.0
0.0
0.0
0.0
9.744973981296859
7.272058259845455
5.827048395515002
5.022585863154184
4.311463926864533
3.8942581176909665
3.629113480903629
3.734678549321262
3.6446648426969244
3.8847733895452574
3.8187180216786185
3.580200443954376
2.1910975192978284
2.2964930251588385
2.4741154911299525
2.4902824617844845
2.2744378095648634
0.0
0.0
0.0
0.0
0.0
0.0
0.0
0.0
0.0
0.0
0.0
0.0
0.0
0.0
0.0
0.0
0.0
0.0
0.0
0.0
0.0
0.0
0.0
0.0
0.0
0.0
0.0
0.0
0.0
0.0
0.0
0.0
0.0
0.0
0.0
0.0
0.0
0.0
0.0
7.954917190826608
5.773822692740757
3.924968873955106
2.8504231048965702
3.1720291583657194
2.4188822095094764
0.050282595619576514
0.300767904928559
0.45520942027105304
0.5571248497892921
0.0
0.0
0.0
0.0
0.0
0.0
0.0
0.0
0.0
0.0
0.0
0.0
0.0
0.0
0.0
0.0
0.0
0.0
0.0
0.0
0.0
0.0
0.0
0.0
0.0
0.0
0.0
5.912862088950932
5.610042730911528
5.000817921209758
4.1728594729019
3.5905903289051926
3.254502615519122
3.047844674931368
2.9106831961873585
2.8890989419785194
4.252410858010719
2.833681021116412
2.405020190748753
1.723376197798577
1.3255522376627664
1.6579656245773
1.9242393183828481
1.7620771692445756
0.0
0.0
0.0
0.0
0.0
0.0
0.0
0.0
0.0
0.0
0.0
0.0
0.0
0.0
0.0
0.0
1.3600966681581579
0.0
0.0
0.0
0.0
0.0
0.0
0.0
0.0
0.0
0.0
0.0
0.0
0.0
0.0
0.0
0.0
0.0
1.629024599441834
3.033970048176082
2.8006838775831966
2.8254558520147737
2.9978460610084983
1.874817349626117
2.431972717662836
1.8706154597146645
2.046684278620167
1.236251316675654
1.2959782867068348
1.3822094118484425
1.4576386107947792
0.0
0.0
0.0
0.0
0.0
0.0
0.0
0.0
0.0
0.0
0.0
0.0
0.0
0.0
0.0
0.0
0.0
0.0
0.0
0.0
0.0
0.0
0.0
0.0
0.0
0.0
0.0
0.0
0.0
0.0
0.0
0.0
0.0
0.0
0.0
0.0
0.0
0.0
0.0
0.0
5.3366527640928325
4.608404345995939
3.8191831754815597
3.3534325787114936
3.952375249305235
3.3005907796120626
3.2455185956894184
3.1989757013409528
3.045821011032253
1.3633962218670312
1.5302531784459514
1.5595048174170727
0.0
0.0
0.0
0.0
0.0
0.0
0.0
0.0
0.0
0.0
0.0
0.0
0.0
0.0
0.0
0.0
0.0
0.0
0.0
0.0
0.0
0.0
0.0
0.0
0.0
0.0
0.0
0.0
0.0
0.0
0.0
0.0
0.0
0.0
0.0
0.0
0.0
0.0
0.0
0.0
0.0
0.0
0.0
0.0
0.0
0.0
0.0
6.798624757785838
4.613418716278474
3.52857186243489
2.8037446477736276
2.399890889767616
2.2446773549023016
2.2544103662619683
2.2815712220405078
0.4807252639037416
0.4214530466777141
0.4287974674176546
0.5016801510551621
0.0
0.04065825405295124
0.2572449363494677
0.11269963554240113
0.0
0.0
0.0
0.0
0.0
0.0
0.0
0.0
0.0
0.0
0.0
0.0
0.0
0.0
0.0
0.0
0.0
0.0
0.0
0.0
0.0
0.0
0.0
0.0
7.092218430789496
5.640534467158794
4.402392131210668
4.034320065314812
3.615938548351849
3.314240187416331
3.1614955757224443
2.715506404759182
2.040094628342564
1.7660142966522487
1.597101035719417
1.9382379349565222
2.0195515603442513
2.07869594585488
2.144825572471196
1.908329303673808
2.4526463151404347
0.31078494970942744
0.0
0.0
0.0
0.0
0.0
0.0
0.0
0.0
0.0
0.0
0.0
0.0
0.0
0.0
0.0
0.0
0.0
0.0
0.0
0.0
0.0
0.0
0.0
0.0
0.0
0.0
0.0
0.0
0.0
0.0
0.0
0.0
0.0
0.0
0.0
0.0
0.0
5.506900980063282
4.413483842237282
2.937470069118689
2.3636988479383447
2.041280676373791
1.8374540682468328
1.7037650934329922
1.6114204198520912
2.36452316008677
2.299766636447099
1.6703018566247796
1.963557630417084
0.30371743422615327
0.39774042373133145
0.4654058268534757
0.0
0.0
0.0
0.0
0.0
0.0
0.0
0.0
0.0
0.0
0.0
0.0
0.0
0.0
0.0
0.0
0.0
0.0
0.0
0.0
0.0
0.0
0.0
0.0
0.0
0.0
0.0
0.0
0.0
0.0
0.0
3.052341963311425
7.464039845739713
6.025384302205067
4.656996316648498
3.941686001119283
3.4611352945663967
2.5213384922021005
3.3134814315585626
2.5719781602736127
1.718222353771596
1.5655521454558363
1.6500687849406797
1.7439362524518012
1.8190357922791334
2.046532173432448
0.0
0.0
0.0
0.0
0.0
0.0
0.0
0.0
0.0
0.0
0.0
0.0
0.0
0.0
0.0
0.0
0.0
0.0
0.0
0.0
0.0
0.0
0.0
0.0
0.0
0.0
0.0
0.0
0.0
0.0
0.0
0.0
0.0
0.0
0.0
0.0
0.0
5.424036275870291
4.663131302186854
4.008743075567141
3.3633820910985737
2.0033418342328493
1.977373681913199
1.8351113108316488
1.7285265128751437
1.6613585085580207
1.7802453687140964
1.745686636677725
1.7771914281819545
2.08248945744812
0.4062668186338156
0.3647251525412142
0.0
0.0
0.0
0.0
0.0
0.0
0.0
0.0
0.0
0.0
0.0
0.0
0.0
0.0
0.0
0.0
0.0
0.0
0.0
0.0
0.0
0.0
0.0
0.0
0.0
0.0
0.0
0.0
0.0
0.0
0.0
0.0
0.0
10.172907845096884
7.870576898920426
5.629223105695076
4.236084939533562
3.6869318325984217
3.9268200691831026
3.3919520260437146
3.2942901155114757
3.191152660438983
3.161102128759814
2.8038105666619617
2.713962915648425
1.8156408140349398
1.6787660076384703
1.8446399615699611
0.0
0.0
0.0
0.0
0.0
0.0
0.0
0.0
0.0
0.0
0.0
0.0
0.0
0.0
0.0
0.0
0.0
0.0
0.0
0.0
0.0
0.0
0.0
0.0
0.0
0.0
0.0
0.0
0.0
0.0
0.0
0.0
0.0
0.0
0.0
0.0
0.0
6.784835317488322
5.445463742047403
4.819417588495979
4.287434883882577
2.4408366355636124
2.0740380204995397
1.753679816565801
1.0267568214454172
1.7463662030873497
0.9888448881002724
1.6803066186927251
1.870316014054121
1.4583668376069452
0.558167081885991
0.5476129301429811
0.59266629391098
0.0
0.0
0.0
0.0
0.0
0.0
0.0
0.0
0.0
0.0
0.0
0.0
0.0
0.0
0.0
0.0
0.0
0.0
0.0
0.0
0.0
0.0
0.0
0.0
0.0
0.0
0.0
0.0
0.0
0.0
0.0
1.7314526761999607
4.043691992785724
3.557204713943314
3.9806212457687744
3.1451129863127494
2.8717317507480593
3.4647617101576644
3.4061890445916547
3.381102822778673
3.266953196983964
3.21483000679717
1.7201184388939241
1.74610087209621
1.4857688825929547
0.0
0.0
0.0
0.0
0.0
0.0
0.0
0.0
0.0
0.0
0.0
0.0
0.0
0.0
0.0
0.0
0.0
0.0
0.0
0.0
0.0
0.0
0.0
0.0
0.0
0.0
0.0
0.0
0.0
0.0
0.0
0.0
3.019643658639991
2.512988242571293
2.4945697554201045
2.8996820853249803
2.8517121458793255
2.6745193045307523
2.6635446418866557
2.6154381884775697
2.559219979450668
2.4963351000902376
2.0573081491432315
1.18028741617749
1.1897623015479244
1.1820811534258302
0.027496354185306462
0.0
0.0
0.0
0.0
0.0
0.0
0.0
0.0
0.0
0.0
0.0
0.0
0.0
0.0
0.0
0.0
0.0
0.0
0.0
0.0
0.0
0.0
0.0
0.0
0.0
0.0
0.0
0.0
0.0
0.0
0.0
0.0
0.0
0.0
0.0
0.0
0.0
0.0
0.0
0.0
5.999942692669299
4.622281990581055
4.065322908162224
3.7302740855382392
3.519074771098679
3.3738303635446116
3.430895908059521
3.364805129605396
3.3216614134845943
3.279749595041394
3.366852669222511
3.3216233250363696
3.267855516378457
3.2143048270512606
3.1710690393789394
2.092157698412808
2.3490849083145546
2.329066527387033
0.0
0.0
0.0
0.0
0.0
0.0
0.0
0.0
0.0
0.0
0.0
0.0
0.0
0.0
0.0
0.0
0.0
0.0
0.0
0.0
0.0
0.0
0.0
0.0
0.0
0.0
0.0
0.0
0.0
0.0
0.0
0.0
0.0
0.0
0.0
0.0
0.0
0.0
0.0
0.0
4.8097043508512485
2.1482254947546213
1.3915301899141916
0.46212267187161366
1.4459042845199137
1.4287849629832563
0.8071100531757545
0.809875817616388
0.0
0.0
0.0
0.0
0.0
0.0
0.0
0.0
0.0
0.0
0.0
0.0
0.0
0.0
0.0
0.0
0.0
0.0
0.0
0.0
0.0
0.0
0.0
0.0
0.0
0.0
0.0
0.0
0.0
0.0
0.0
0.0
0.0
0.0
0.0
0.0
0.0
0.0
0.0
0.0
6.78237723609322
4.97253218000718
4.757624479984328
4.275913380170569
4.018507942175457
3.8376780462706845
2.304374668478454
2.358108575116819
2.077318765986352
2.154816811353202
2.4848773982403753
2.5497152343080356
2.5830842643975944
2.597557310560909
2.597445800945153
2.5856404160844684
0.0
0.0
0.0
0.0
0.0
0.0
0.0
0.0
0.0
0.0
0.0
0.0
0.0
0.0
0.0
0.0
0.0
0.0
0.0
0.0
0.0
0.0
0.0
0.0
0.0
0.0
6.758449793729948
5.67085382262858
4.930214213305362
4.164347427673343
3.581382194695831
3.0147459000732617
2.6334315175897816
2.7823579281414785
3.0331438995959976
1.2222333865680917
1.289774421863124
1.3462229789750788
1.4054001997357015
1.4409494226704413
0.0
0.0
0.0
0.0
0.0
0.0
0.0
0.0
0.0
0.0
0.0
0.0
0.0
0.0
0.0
0.0
0.0
0.0
0.0
0.0
0.0
0.0
0.0
0.0
0.0
0.0
0.0
0.0
0.0
0.0
0.0
0.0
0.0
0.0
0.0
0.0
0.0
0.0
0.0
2.5758052225759784
8.04829379963685
6.352053341201657
5.278120934624585
4.182951131642469
4.313052601124632
4.027326729444795
3.818719940446984
2.3077240672940977
1.283300475422818
1.4334346157736693
1.2805158620335233
1.850232794210665
2.011247042568743
0.0
0.0
0.0
0.0
0.0
0.0
0.0
0.0
0.0
0.0
0.0
0.0
0.0
0.0
0.0
0.0
0.0
0.0
0.0
0.0
0.0
0.0
0.0
0.0
0.0
0.0
0.0
0.0
0.0
0.0
0.0
0.0
0.0
0.0
0.0
0.0
0.0
0.0
0.0
0.0
0.0
0.0
0.0
0.0
0.0
0.0
0.0
0.0
0.0
0.0
0.0
0.0
0.0
0.0
0.0
0.0
0.0
0.0
0.0
0.0
0.0
0.0
0.0
0.0
0.0
0.0
0.0
0.0
0.0
0.0
0.9987320907089434
2.3336701318244284
2.0721444416606456
2.1561148264477574
1.6220682243545597
0.0
0.0
0.0
0.0
0.0
0.0
1.6750404847373181
1.490009360517911
3.6820867296584563
3.3926993686900833
3.055398901732958
2.8672896355596595
2.439335693582707
2.3824727901270193
2.962069466127854
2.3192118743916836
1.4280140008408373
1.5045123609191384
1.5607289418255563
0.5139866357104835
0.608147540763732
0.0
0.0
0.0
0.0
0.0
0.0
0.0
0.0
0.0
0.0
0.0
0.0
0.0
0.0
0.0
0.0
0.0
0.0
0.0
0.0
0.0
0.0
0.0
0.0
0.0
0.0
0.0
0.0
0.0
0.0
0.0
0.0
0.0
0.0
0.0
0.0
0.0
0.0
0.0
0.0
0.0
0.0
0.0
0.0
0.0
0.0
2.979189706533112
4.9427173204548245
3.687071688181918
3.007945261405884
3.069059674769007
3.5636152649274204
3.4482622075407874
2.7118755849970317
2.669064887681524
2.6181326895136654
2.5631172231997854
2.497755431807788
2.398507589211004
2.570284034399126
0.0
0.0
0.0
0.0
0.0
0.0
0.0
0.0
0.0
0.0
0.0
0.0
0.0
0.0
0.0
0.0
0.0
0.0
0.0
0.0
0.0
0.0
0.0
0.0
0.0
0.0
0.0
0.0
0.0
0.0
0.0
9.529181332114055
7.278881178867431
5.658367338418195
4.5585495066293
2.7645542542638752
2.3177653838832297
1.4385963204359453
2.61148391595206
2.14836261782017
1.9250463628494816
1.739435096017352
1.770424372463807
0.0
0.0
0.0
0.0
0.0
0.0
0.0
0.0
0.0
0.0
0.0
0.0
0.0
0.0
0.0
0.0
0.0
0.0
0.0
0.0
0.0
0.0
0.0
0.0
0.0
0.0
0.0
0.0
0.0
0.0
0.0
0.0
0.0
0.0
0.0
0.0
0.0
1.2335095570248518
3.3943297583587904
3.054744851194409
2.8735587949679693
2.6144762340399876
3.3315816648050345
3.375537315275859
1.3384584661611691
0.873738664025056
0.7192351543027109
0.7402083200671482
0.8157535332046597
0.0
0.0
0.0
0.0
0.0
0.0
0.0
0.0
0.0
0.0
0.0
0.0
0.0
0.0
0.0
0.0
0.0
0.0
0.0
0.0
0.0
0.0
0.0
0.0
0.0
0.0
0.0
0.0
0.0
0.0
0.0
0.0
0.0
0.0
0.0
0.0
0.0
7.26420851075096
6.401446228851629
5.5914057575991585
5.062402332571162
4.663191057722807
4.355841722781374
3.8618657277386994
3.552351682699794
3.5959048101321622
3.3631093349970715
1.7196978854440408
1.7621234527432041
1.5071953501758923
1.5135125000352476
0.0
0.0
0.0
0.0
0.0
0.0
0.0
0.0
0.0
0.0
0.0
0.0
0.0
0.0
0.0
0.0
0.0
0.8932494923544513
3.352037763869107
0.0
0.0
0.0
0.0
0.0
0.0
0.0
0.0
0.0
0.0
0.0
0.0
0.0
2.9817829727850915
2.578789983777049
2.318201367352632
2.185654243494401
2.1293032748142613
2.098874709373735
2.053487727979534
2.004455451832941
1.9615676843811052
3.1644940697053476
2.1036792391620227
1.1488019239800358
1.2725261421913099
0.12357845762203959
0.0
0.0
0.0
0.0
0.0
0.0
0.0
0.0
0.0
0.0
0.0
0.0
0.0
0.0
0.0
0.0
0.0
0.0
0.0
0.0
0.0
0.0
0.0
0.0
0.0
0.0
0.0
0.0
0.0
0.0
0.0
0.0
0.0
0.0
0.0
0.0
0.0
0.0
0.0
0.0
0.0
6.139858355862925
5.236284843379835
4.427090382639003
3.78360636331932
3.4119758812584946
2.3521334923316477
2.546736148891448
4.388676897869458
1.9348537957238325
1.9678391312165187
1.9921509316571353
2.4478898230955872
2.758580875253159
2.3988356586694235
2.435940344039899
2.4662447485854218
2.4845188588077227
0.2906526570398953
0.0
0.0
0.0
0.0
0.0
0.0
0.0
0.0
0.0
0.0
0.0
0.0
0.0
0.0
0.0
0.0
0.0
0.0
0.0
0.0
0.0
0.0
0.0
0.0
0.0
0.0
0.0
0.0
0.0
0.0
0.0
0.0
0.0
0.0
0.0
0.0
0.0
0.0
0.0
0.0
0.0
0.0
0.0
12.215404668634626
7.955711652152699
4.842232270302087
2.841138770303948
1.0171310417546149
0.4041435164695229
0.42134494308181525
0.36206588779252546
0.2628133493387695
0.3124732919134241
0.3606935730803314
0.4056049970871022
0.45700836091812913
0.4995883883221225
0.5355771811903756
0.5503089192999481
0.0
0.0
0.0
0.0
0.0
0.0
0.0
0.0
0.0
0.0
0.0
0.0
0.0
0.0
0.0
0.0
0.0
0.0
0.0
0.0
8.72289220925458
6.955009271477629
5.550582499856336
4.373390164045734
3.7219197304796543
4.0011214164441355
3.897594258505406
3.550638195777379
1.969634411853207
1.8916296681660825
1.8239446688941172
1.7581992621873306
1.7063282309367145
1.711052904043848
2.043675220913107
2.1124601463385853
2.1591391877478157
2.4241279794900223
0.2631894716347774
0.0
0.0
0.0
0.0
0.0
0.0
0.0
0.0
0.0
0.0
0.0
0.0
0.0
0.0
0.0
0.0
0.0
0.0
0.0
0.0
0.0
0.0
0.0
0.0
0.0
0.0
0.0
0.0
0.0
0.0
0.0
0.0
2.3324672858637694
4.249323299415523
3.451157119654707
2.9467967672360915
2.642420055337471
2.4511414762434103
2.3264289691377384
1.4007193273222645
1.4092077604667503
1.4913677804841274
1.7754357880388651
1.9284898814310447
0.0
0.0
0.0
0.0
0.0
0.0
0.0
0.0
0.0
0.0
0.0
0.0
0.0
0.0
0.0
0.0
0.0
0.0
0.0
0.0
0.0
0.0
0.0
0.0
0.0
0.0
0.0
0.0
0.0
0.0
0.0
0.0
0.0
0.0
0.0
0.0
0.0
1.5734493513055612
4.261285173973738
3.490190954312478
3.1704995691843423
2.926061914347903
2.7802852994231295
2.6750115574907074
2.5962205105493594
1.6338731161096212
2.0395947955881533
2.0267382973923502
0.4538581044193954
0.46514628389613466
1.8148324162891047
2.2186855788553466
2.1266621678815354
1.740658840641248
0.2700456470998195
0.0
0.0
0.0
0.0
0.0
0.0
0.0
0.0
0.0
0.0
0.0
0.0
0.0
0.0
0.0
0.0
0.0
0.0
0.0
0.0
0.0
0.0
0.0
0.0
0.0
0.0
0.0
0.0
0.0
0.0
0.0
0.0
0.0
0.0
0.0
0.0
0.0
0.0
0.0
0.0
0.0
0.0
0.0
5.3790898337311
7.42463039793901
5.2538134054737275
4.722317169100487
3.9441307493673765
2.7081314560676084
2.489879481521395
2.3572377682506818
2.477868496220547
2.3182727893179353
0.15699445816752183
0.29290031986797943
0.052234004512323386
0.0
0.10874238508968198
0.19093136907096342
0.29294497198069974
0.0
0.0
0.0
0.0
0.0
0.0
0.0
0.0
0.0
0.0
0.0
0.0
0.0
0.0
0.0
0.0
0.0
0.0
0.0
0.0
0.0
0.0
0.0
1.5372370582185004
3.848537565677085
3.397381752939037
3.2117144958914148
3.2589818636817007
3.162811995940899
3.089864723448623
2.2065013314279804
2.1214585258459646
3.078844291417452
2.5850172634735795
1.4851211250465917
0.0
0.0
0.0
0.0
0.0
0.0
0.0
0.0
0.0
0.0
0.0
0.0
0.0
0.0
0.0
0.0
0.0
0.0
0.0
0.0
0.0
0.0
0.0
0.0
0.0
0.0
0.0
0.0
0.0
0.0
0.0
0.0
0.0
0.0
0.0
0.0
0.0
0.0
5.592183580016709
4.671317461903172
3.734991422737746
3.193900321649058
2.8836943554627226
2.726074886508524
3.6502602839239984
1.5880839962547086
1.521124923259524
1.4852731874969112
1.5637499830258177
1.8552159377931392
1.923532865025778
1.9803415998477916
2.263685560560305
2.590137386353934
2.421800579751611
0.0
0.0
0.0
0.0
0.0
0.0
0.0
0.0
0.0
0.0
0.0
0.0
0.0
0.0
0.0
0.0
0.0
0.0
0.0
0.0
0.0
0.0
0.0
0.0
0.0
0.0
0.0
0.0
0.0
0.0
0.0
0.0
0.0
0.0
0.0
0.0
0.0
1.3869404147577642
1.4804590627149143
1.6234073378432743
2.183192461983908
2.108958211532845
2.036297597799035
1.9966006641272591
2.2707605952447656
2.318712708533612
2.701737868341527
2.7215397927148133
2.4123494405626373
2.4283319631748492
0.3011358081095008
0.24936493902631315
0.3111355472993948
0.0
0.0
0.0
0.0
0.0
0.0
0.0
0.0
0.0
0.0
0.0
0.0
0.0
0.0
0.0
0.0
0.0
0.0
0.0
0.0
0.0
0.0
0.0
0.0
0.0
0.0
0.0
0.0
0.0
0.0
0.0
0.0
0.0
1.8618153171247929
1.8888647387599617
2.2245045051504992
2.3040838398271375
1.4145856677973025
1.3634970985758783
1.31990639807618
0.748755041095414
0.0
0.0
0.0
0.0
0.0
0.0
0.0
0.0
0.0
0.0
0.0
0.0
0.0
0.0
0.0
0.0
0.0
0.0
0.0
0.0
0.0
0.0
0.0
0.0
0.0
0.0
0.0
0.0
0.0
0.0
0.0
0.0
0.0
0.0
0.0
0.0
0.0
0.0
0.0
0.0
0.0
0.0
0.0
0.0
0.0
0.0
1.3638127467030103
1.2975524517328094
1.361770848204452
0.5701836250004592
1.1365777171517264
0.0
0.0
0.0
0.0
0.0
0.0
0.0
0.0
0.0
0.0
0.0
0.0
0.0
0.0
0.0
0.0
0.0
0.0
0.0
0.0
0.0
0.0
0.0
0.0
0.0
0.0
0.0
0.0
0.0
0.0
0.0
0.0
0.0
0.0
0.0
0.0
0.0
0.0
0.0
0.0
0.0
0.0
1.958144935320191
1.8934216831481985
2.4968841811413123
2.631787730883802
1.2429691509141316
1.2972092966537123
0.0
0.0
0.0
0.0
0.0
0.0
0.0
0.0
0.0
0.0
0.0
0.0
0.0
0.0
0.0
0.0
0.0
0.0
0.0
0.0
0.0
0.0
0.0
0.0
0.0
0.0
0.0
0.0
0.0
0.0
0.0
0.0
0.0
0.0
0.0
0.0
0.0
0.0
0.0
0.0
0.0
0.0
0.0
0.0
0.0
0.0
0.0
0.0
0.0
0.0
0.0
0.0
0.0
0.0
0.0
0.0
0.0
0.0
0.0
0.0
0.0
0.0
0.0
0.0
0.0
0.0
0.0
0.0
0.0
0.0
0.0
0.0
0.0
0.0
0.0
0.0
0.0
0.0
0.0
0.0
0.0
0.0
0.0
0.0
0.0
0.0
0.0
0.0
0.0
0.0
0.0
0.0
0.0
1.6032236747216257
3.518402168048008
2.7335385621850046
2.4743711240208937
1.4103310436259195
1.3536151182688099
1.3003304938730742
0.4134418988031073
0.5376110293735198
0.0
0.0
0.0
0.0
0.0
0.0
0.0
0.0
0.0
0.0
0.0
0.0
0.0
0.0
0.0
0.0
0.0
0.0
0.0
0.0
0.0
0.0
0.0
0.0
0.0
0.0
0.0
0.0
0.0
0.0
0.0
0.0
0.0
0.0
0.0
0.0
0.0
0.0
0.0
0.0
0.0
0.0
0.0
0.0
0.0
1.9998228446424395
2.2356139175356744
3.6438368264963454
3.573518838472685
3.502487973597899
3.439785049089208
3.3750683411501567
3.324588649853171
2.0883492264645276
2.2913267700479505
2.2905000002165674
0.0
0.0
0.0
0.0
0.0
0.0
0.0
0.0
0.0
0.0
0.0
0.0
0.0
0.0
0.0
0.0
0.0
0.0
0.0
0.0
0.0
0.0
0.0
0.0
0.0
0.0
0.0
0.0
0.0
0.0
0.0
0.0
0.0
0.0
0.0
0.0
0.0
0.0
9.450569174788068
7.138690677969539
4.562741115454019
2.945634600009501
1.2086101305862686
0.9650747592806648
0.880247486518353
1.4521476190650326
0.970753811425061
0.813972979861969
0.8875852356472888
0.8817077831886656
0.8738346724066356
0.0
0.0
0.0
0.0
0.0
0.0
0.0
0.0
0.0
0.0
0.0
0.0
0.0
0.0
0.0
0.0
0.0
0.0
0.0
0.0
0.0
0.0
0.0
0.0
0.0
0.0
0.0
0.0
0.0
0.0
0.0
0.0
0.0
0.0
1.186891064077119
4.798451766051615
4.571663749656688
4.236368591066073
3.7640238184888055
3.3258602967153337
3.421223465735814
3.028449381026112
2.8303176878775975
2.712055175011952
1.3928243222321806
1.5019078528648977
1.8953467658964933
1.927288775855111
0.0
0.0
0.0
0.0
0.0
0.0
0.0
0.0
0.0
0.0
0.0
0.0
0.0
0.0
0.0
0.0
0.0
0.0
0.0
0.0
0.0
0.0
0.0
0.0
0.0
0.0
0.0
0.0
0.0
0.0
5.228463456674858
4.600539860717571
3.588404697867366
2.953037490261705
2.5565579948288333
2.301507101015993
2.1491551071894017
2.2624947524166283
2.2227029732769883
2.184578555259927
1.492436325150111
1.5122330332364247
1.3651665832837272
0.2019061386538394
0.23923786526866325
0.0
0.0
0.0
0.0
0.0
0.0
0.0
0.0
0.0
0.0
0.0
0.0
0.0
0.0
0.0
0.0
0.0
0.0
0.0
0.0
0.0
0.0
0.0
0.0
0.0
0.0
0.0
0.0
0.0
0.0
0.0
0.0
0.0
0.0
0.0
0.0
0.0
0.0
0.0
0.0
0.0
0.0
0.0
0.0
0.0
0.0
0.0
6.174452747921156
4.841548295638229
3.8441559693308616
3.276157351553378
3.5896285415349283
3.3615730974478515
2.855579409579796
2.821508406617972
2.783649792250519
2.7402718954685916
2.7054072818041623
2.7038004673232745
2.729717289022072
2.7476249197888576
1.0189764146727924
0.942804398375145
0.9049113162980759
0.8744087330329842
0.8529689470521017
0.8222449401113558
0.0
0.0
0.0
0.0
0.0
0.0
0.0
0.0
0.0
0.0
0.0
0.0
0.0
0.0
0.0
0.0
0.0
0.0
0.0
0.0
0.0
0.0
0.0
0.0
0.0
0.0
0.0
0.0
0.0
0.0
0.0
0.0
0.0
0.0
0.0
0.0
0.0
0.0
0.0
0.0
0.0
0.0
0.0
0.0
0.0
0.0
0.0
0.0
0.0
0.0
1.183420727705004
1.0146521194891005
0.6354585454254281
0.4071261601547042
0.0
0.0
0.0
0.0
0.0
0.0
0.0
0.0
1.3834683595594426
2.1120743792117427
0.8594985217464949
0.8470275279291786
0.8441909153611761
0.8399840972662277
0.8288661763150283
0.0
0.909983336633026
1.0295616995861028
1.1505437592397179
1.2761400975137462
1.386641908137293
2.0113196217669618
1.940737157617322
1.8309710581230216
1.4238551149384968
1.2723686594439585
1.476980006685778
0.4478173077906722
0.0
0.0
0.0
0.0
0.0
0.0
0.7025619703564236
0.0
0.0
0.0
0.0
0.0
0.0
0.0
0.0
0.0
0.0
0.0
0.0
0.0
0.0
0.0
0.0
0.0
0.0
0.0
0.0
0.0
0.0
0.0
0.0
0.0
0.0
0.0
0.0
0.0
0.0
0.0
0.0
0.0
0.0
0.0
0.0
1.5030044284505937
3.80664647250988
3.864792908208696
3.657156390870015
3.5130432846284894
3.4145013970903157
1.3514413898489082
1.4325377349652484
1.5022237321827554
2.038924886107833
2.120918633391233
1.9265765737749438
1.9653038390141024
2.001595548722889
2.2824416591384247
0.0
0.0
0.0
0.0
0.0
0.0
0.0
0.0
0.0
0.0
0.0
0.0
0.0
0.0
0.0
0.0
0.0
0.0
0.0
0.0
0.0
0.0
0.0
0.0
0.0
0.0
0.0
0.0
0.0
0.0
0.0
0.0
0.0
3.4208386569175655
6.346960219513951
4.771198996167653
3.8634057528801806
4.739171735453196
3.2792673938945356
2.3713773234710613
1.4042114538885737
1.4774876947916151
2.5641049692288562
2.2078311457656974
1.908832344516269
1.9009801774490764
2.1459560228106023
0.0
0.0
0.0
0.0
0.0
0.0
0.0
0.0
0.0
0.0
0.0
0.0
0.0
0.0
0.0
0.0
0.0
0.0
0.0
0.0
0.0
0.0
0.0
0.0
0.0
0.0
0.0
0.0
0.0
0.0
0.0
0.0
0.0
0.0
0.0
0.0
0.0
0.0
4.545933605879016
3.9640565649075077
3.3827777541709274
2.5040205732338863
1.9534864450274774
1.815841229512586
1.7278393049890142
1.7555416167755376
1.9016572911069214
2.6889805560056668
2.6582751310736032
2.057474384263273
0.4491440394299198
0.3991275732134117
0.47032686938612417
0.0
0.0
0.0
0.0
0.0
0.0
0.0
0.0
0.0
0.0
0.0
0.0
0.0
0.0
0.0
0.0
0.0
0.0
0.0
0.0
0.0
0.0
0.0
0.0
0.0
0.0
0.0
0.0
0.0
0.0
0.0
0.0
0.0
0.0
0.0
0.0
9.594091090600216
7.204278313952336
4.97924559930132
3.9040712578562746
3.5628486388885445
1.8873131860003982
1.3960541522867034
1.7415012566278203
2.0192580794973622
2.092235074943418
2.3421617849533
2.1624117851386826
0.0
0.0
0.0
0.0
0.0
0.0
0.0
0.0
0.0
0.0
0.0
0.0
1.1637378462042147
0.0
0.04864865487120185
0.0
0.0
0.0
0.0
0.0
0.0
0.0
0.0
0.0
0.0
0.0
0.0
0.0
0.0
0.0
1.7092217066621196
3.9726249997985423
3.4747462082344485
3.3415728837738747
3.2403596587294015
3.0562458472916214
2.5600853278856697
2.241697883986789
2.588037188428206
2.0925673966273086
1.53258549248571
1.0556643364476759
1.1770228735258703
0.6083903587165175
0.7032001418882792
0.0
0.0
0.0
0.0
0.0
0.0
0.0
0.0
0.0
0.0
0.0
0.0
0.0
0.0
0.0
0.0
0.0
0.0
0.0
0.0
0.0
0.0
0.0
0.0
0.0
0.0
0.0
0.0
0.0
0.0
0.0
0.0
0.0
0.0
0.0
0.0
0.0
0.0
0.0
0.0
0.0
0.0
0.0
0.0
0.0
1.264769116383255
1.2589502382762128
1.2847422708975973
1.372820697560806
1.4430466543308278
1.4878297233873787
0.0
0.0
0.0
0.0
0.0
0.0
0.0
0.0
0.0
0.0
0.0
0.0
0.0
0.0
0.0
0.0
0.0
0.0
0.0
0.0
0.0
0.0
0.0
0.0
0.0
0.0
0.0
0.0
0.0
0.0
0.0
0.0
0.0
0.0
0.0
0.0
0.0
0.0
1.7922262417714605
4.211659536387893
2.738140881120659
3.6062342898218147
3.4834271132957157
3.2031524175424573
3.3806041900430097
3.293177235056756
3.212672751838914
1.5037562250005756
1.2707744771508032
1.3641399069026245
0.0
0.0
0.0
0.0
0.0
0.0
0.0
0.0
0.0
0.0
0.0
0.0
0.0
0.0
0.0
0.0
0.0
0.0
0.0
0.0
0.0
0.0
0.0
0.0
0.0
0.0
0.0
0.0
0.0
0.0
0.0
0.0
0.0
0.0
0.0
0.0
0.0
0.0
7.715243363205245
6.326190353924048
5.108725643771152
4.183304524573843
3.6397755522489197
3.303845960351241
2.161368599566563
4.1417987596772825
2.03343828740185
2.043117191435587
2.248605231973046
1.3213356674034271
1.4014706425049153
1.6232525341488067
2.3526128000775235
0.0
0.0
0.0
0.0
0.0
0.0
0.0
0.0
0.0
0.0
0.0
0.0
0.0
0.0
0.0
0.0
0.0
0.0
0.0
0.0
0.0
0.0
0.0
0.0
0.0
0.0
0.0
0.0
0.0
0.0
0.0
0.0
0.0
0.0
0.0
0.0
0.0
0.0
0.0
0.0
0.0
0.0
0.0
0.0
0.0
10.494025781947453
6.99236372240515
4.843049194685715
3.6631901105029776
3.0191226404047726
2.6530651147289563
2.460625637054707
2.3854925854892874
0.919047450154221
0.7322214932803556
0.6261235671209344
0.5602044934298915
0.18491008967014147
0.0
0.0
0.0
0.0
0.0
0.0
0.0
0.0
0.0
0.0
0.0
0.0
0.0
0.0
0.0
0.0
0.0
0.0
0.0
0.0
0.0
0.0
0.0
0.0
0.0
0.0
0.0
0.0
8.457075880904142
6.523277062234936
5.880404989727351
4.334269338313364
3.722337620557842
1.3006386759131296
1.3313060233176062
1.590338946574003
1.682249571663901
1.7301998351369394
1.7383460760160658
0.0
0.0
0.0
0.0
0.0
0.0
0.0
0.0
0.0
0.0
0.0
0.0
0.0
0.0
0.0
0.0
0.0
0.0
0.0
0.0
0.0
0.0
0.0
0.0
0.0
0.0
0.0
0.0
0.0
0.0
0.0
0.0
0.0
0.0
0.0
0.0
0.0
0.0
0.0
0.0
0.0
0.0
0.41456141778849703
0.8339779610769412
1.847254846926283
0.35026392239387094
0.0
0.34605598074805305
0.0
0.0
0.0
0.0
0.0
0.0
0.0
0.0
0.0
0.0
0.0
0.0
0.0
0.0
0.0
0.0
0.0
0.0
0.0
0.0
0.0
0.0
0.0
0.0
0.0
0.0
0.0
0.0
0.0
0.0
0.0
0.0
0.0
0.0
0.0
0.0
0.0
0.0
0.0
0.0
0.0
0.0
1.4127618081185562
1.8184408385973745
2.0099650884637748
3.788731409582078
1.7028845841857274
1.648291488130873
1.9667085624594889
1.9710979607027057
2.0251430050539527
2.20700991135781
2.590461548258207
1.80645811057958
2.046489833876981
2.1611021248046876
0.0
0.0
0.0
0.0
0.0
0.0
0.0
0.0
0.0
0.0
0.0
0.0
0.0
0.0
0.0
0.0
0.0
0.0
0.0
0.0
0.0
0.0
0.0
0.0
0.0
0.0
0.0
0.0
0.0
0.0
0.0
0.0
0.0
1.725343046117176
4.190750670723723
3.18543464619524
2.8466802408632335
2.668919725810607
3.53152020851746
2.45808432746587
1.5667275468965227
1.5370477516664325
1.5017689009202415
0.7142978399123756
0.7312555223240683
1.1219096619120028
1.647263175354172
0.0
0.0
0.0
0.0
0.0
0.0
0.0
0.0
0.0
0.0
0.0
0.0
0.0
0.0
0.0
0.0
0.0
0.0
0.0
0.0
0.0
0.0
0.0
0.0
0.0
0.0
0.0
0.0
0.0
0.0
0.0
0.0
0.0
0.0
0.0
0.0
0.0
0.0
0.0
0.0
13.178993804641811
9.383419565535615
7.256195581811094
4.950648087661979
3.834955011319893
4.665531213100022
4.698505260286328
2.014837938895612
1.6062827818211358
1.5324171192060028
1.7530664139284808
2.1626480798053316
2.1406082544849174
1.9999637660157845
2.055952811316479
0.0
0.0
0.0
0.0
0.0
0.0
0.0
0.0
0.0
0.0
0.0
0.0
0.0
0.0
0.0
0.0
0.0
0.0
0.0
0.0
0.0
0.0
0.0
0.0
0.0
0.0
0.0
0.0
0.0
0.0
0.0
2.3670568695068677
4.644378416092662
4.632088073766482
4.359314913310536
3.739853036487398
3.302325090702567
3.0282255848161808
1.2223074327163435
1.2157833116697458
1.2922470145884344
0.2282023691171038
0.3438908834875296
0.0
0.0
0.0
0.0
0.0
0.0
0.0
0.0
0.0
0.0
0.0
0.0
0.0
0.0
0.0
0.0
0.0
0.0
0.0
0.0
0.0
0.0
0.0
0.0
0.0
0.0
0.0
0.0
0.0
0.0
0.0
0.0
0.0
0.0
0.0
0.0
0.0
0.0
0.0
0.0
0.0
0.0
0.0
0.0
1.5318427335158262
4.224148994181415
3.959696217690497
3.78197192974385
3.6539821104458126
3.5524467579800008
3.4588359497127397
1.5557150752487232
1.5958164418620873
1.9512673160166631
1.9501904488087811
1.9330781510648984
0.0
0.0
0.0
0.0
0.0
0.0
0.0
0.0
0.0
0.0
0.0
0.0
0.0
0.0
0.0
0.0
0.0
0.0
0.0
0.0
0.0
0.0
0.0
0.0
0.0
0.0
0.0
0.0
0.0
0.0
0.0
0.0
0.0
0.0
0.0
0.0
0.0
0.0
0.0
7.967719911162465
4.827266373195079
2.88730874298962
1.094431349550949
0.9346282126293942
0.9513764631550958
1.541588323954162
1.52355774972967
0.968911784427482
0.95079012211457
0.0
0.0
0.0
0.0
0.0
0.0
0.0
0.0
0.0
0.0
0.0
0.0
0.0
0.0
0.0
0.0
0.0
0.0
0.0
0.0
0.0
0.0
0.0
0.0
0.0
0.0
0.0
0.0
0.0
0.0
0.0
0.0
0.0
0.0
0.0
0.0
0.0
0.0
9.614249813478216
7.261862705163937
5.213393250115786
4.536301347746836
5.264692414715268
4.941085147418965
4.6943112515771075
2.3875554842955697
2.4246988233967173
2.5549709348011556
2.5451131136338496
2.5852852428452735
2.621676240448788
2.6327676681865673
2.0424296143329177
2.3554777950598145
0.0
0.0
0.0
0.0
0.0
0.0
0.0
0.0
0.0
0.0
0.0
0.0
0.0
0.0
0.0
0.0
0.0
0.0
0.0
0.0
0.0
0.0
0.0
0.0
0.0
0.0
0.0
0.0
0.0
0.0
0.0
0.0
0.0
0.0
3.869735582725073
6.229705893150863
3.672580516293225
2.7362161043316404
2.2230929994270183
2.1112199279576522
1.8959548323830844
1.8472674023206979
2.137466503047355
2.1803316430345405
2.2085428901330597
0.22058265546989275
0.27371218708714823
0.38836968803232624
0.475852115998348
0.0
0.0
0.0
0.0
0.0
